67 0.29732142857142857 0.6788908765652951 0.16785714285714284 0.16279069767441862
67 0.78125 0.6779964221824687 0.16964285714285715 0.1556350626118068
17 0.9169642857142857 0.2298747763864043 0.06785714285714285 0.09123434704830054
67 0.29732142857142857 0.22003577817531306 0.1732142857142857 0.16636851520572452
33 0.6232142857142857 0.6851520572450805 0.14107142857142857 0.12880143112701253
33 0.13482142857142856 0.1744186046511628 0.14464285714285716 0.1413237924865832
33 0.1392857142857143 0.682468694096601 0.14285714285714285 0.12343470483005367
67 0.7848214285714286 0.22808586762075134 0.1732142857142857 0.12701252236135957
33 0.6214285714285714 0.22271914132379247 0.14642857142857144 0.1001788908765653
38 0.42232142857142857 0.6708407871198568 0.0625 0.12343470483005367
38 0.42857142857142855 0.2522361359570662 0.06428571428571428 0.11091234347048301
38 0.9026785714285714 0.669051878354204 0.05892857142857143 0.1252236135957066