67 0.29464285714285715 0.6788908765652951 0.175 0.16279069767441862
33 0.13303571428571428 0.6914132379248659 0.14107142857142857 0.13237924865831843
67 0.25535714285714284 0.2182468694096601 0.11785714285714285 0.08944543828264759
67 0.7705357142857143 0.6949910554561717 0.15714285714285714 0.12343470483005367
67 0.7455357142857143 0.22093023255813954 0.14285714285714285 0.10554561717352415
17 0.34375 0.21198568872987478 0.044642857142857144 0.06797853309481217
33 0.625 0.7039355992844365 0.13214285714285715 0.10196779964221825
33 0.14464285714285716 0.21914132379248658 0.09821428571428571 0.07692307692307693
33 0.6098214285714286 0.2298747763864043 0.125 0.09302325581395349
38 0.42232142857142857 0.667262969588551 0.06607142857142857 0.12880143112701253
53 0.8535714285714285 0.2101967799642218 0.05357142857142857 0.08050089445438283
38 0.8857142857142857 0.6896243291592129 0.055357142857142855 0.09302325581395349