37 0.6446428571428572 0.6520572450805009 0.1 0.1806797853309481
67 0.7767857142857143 0.1779964221824687 0.14821428571428572 0.11449016100178891
67 0.31607142857142856 0.1771019677996422 0.13392857142857142 0.09481216457960644
67 0.26071428571428573 0.6851520572450805 0.11071428571428571 0.10912343470483005
33 0.15982142857142856 0.7361359570661896 0.10178571428571428 0.09660107334525939
33 0.6366071428571428 0.15026833631484796 0.13035714285714287 0.09838998211091235
33 0.19375 0.22719141323792486 0.11428571428571428 0.08944543828264759
59 0.8955357142857143 0.20214669051878353 0.05892857142857143 0.08228980322003578
38 0.7303571428571428 0.6627906976744186 0.04285714285714286 0.13416815742397137
43 0.34017857142857144 0.6431127012522362 0.05 0.0626118067978533
38 0.4133928571428571 0.14221824686940965 0.04642857142857143 0.07155635062611806