67 0.7803571428571429 0.19141323792486584 0.1392857142857143 0.1252236135957066
67 0.28660714285714284 0.7280858676207513 0.15 0.13237924865831843
20 0.3848214285714286 0.19588550983899822 0.05178571428571429 0.09660107334525939
67 0.28660714285714284 0.20483005366726298 0.1375 0.1252236135957066
33 0.15982142857142856 0.2101967799642218 0.12321428571428572 0.10912343470483005
33 0.14375 0.6878354203935599 0.12321428571428572 0.1073345259391771
38 0.4017857142857143 0.7602862254025045 0.05357142857142857 0.08407871198568873
19 0.6928571428571428 0.6681574239713775 0.24642857142857144 0.09838998211091235
59 0.8589285714285714 0.6627906976744186 0.048214285714285716 0.0626118067978533
55 0.6401785714285714 0.23255813953488372 0.1392857142857143 0.1252236135957066
11 0.8767857142857143 0.1708407871198569 0.05178571428571429 0.09481216457960644