74 0.22142857142857142 0.6583184257602862 0.17142857142857143 0.13595706618962433
67 0.7767857142857143 0.23971377459749552 0.15892857142857142 0.1520572450805009
67 0.7857142857142857 0.6797853309481217 0.16607142857142856 0.1592128801431127
33 0.6303571428571428 0.6905187835420393 0.14285714285714285 0.12701252236135957
67 0.29732142857142857 0.19856887298747763 0.17142857142857143 0.15026833631484796
33 0.13482142857142856 0.22003577817531306 0.15 0.11806797853309481
33 0.6330357142857143 0.23255813953488372 0.13035714285714287 0.13416815742397137
41 0.9098214285714286 0.6699463327370304 0.060714285714285714 0.11270125223613596
38 0.425 0.18604651162790697 0.0625 0.11627906976744186
99 0.34375 0.646690518783542 0.04285714285714286 0.13416815742397137
53 0.8946428571428572 0.23434704830053668 0.060714285714285714 0.11449016100178891