89 0.7116071428571429 0.18783542039355994 0.15535714285714286 0.09660107334525939
67 0.3053571428571429 0.6896243291592129 0.1625 0.148479427549195
67 0.2767857142857143 0.1771019677996422 0.14107142857142857 0.10912343470483005
55 0.14107142857142857 0.1806797853309481 0.1375 0.10196779964221825
20 0.42589285714285713 0.6914132379248659 0.055357142857142855 0.1073345259391771
67 0.78125 0.6932021466905188 0.15714285714285714 0.12343470483005367
33 0.15446428571428572 0.6797853309481217 0.1357142857142857 0.12343470483005367
33 0.6348214285714285 0.6932021466905188 0.1357142857142857 0.10912343470483005
59 0.3848214285714286 0.17978533094812166 0.060714285714285714 0.07692307692307693
38 0.8955357142857143 0.6896243291592129 0.060714285714285714 0.09481216457960644
43 0.8285714285714286 0.16905187835420393 0.05178571428571429 0.07692307692307693