34 0.7044642857142858 0.16547406082289803 0.26071428571428573 0.1413237924865832
67 0.25357142857142856 0.1887298747763864 0.11071428571428571 0.10554561717352415
67 0.29196428571428573 0.6896243291592129 0.14107142857142857 0.13953488372093023
67 0.7642857142857142 0.6753130590339893 0.17142857142857143 0.16994633273703041
33 0.1625 0.6583184257602862 0.11607142857142858 0.11091234347048301
33 0.15 0.19051878354203935 0.09464285714285714 0.09123434704830054
48 0.39732142857142855 0.7101967799642218 0.05892857142857143 0.09838998211091235
59 0.8821428571428571 0.1511627906976744 0.06428571428571428 0.08228980322003578
38 0.3357142857142857 0.1851520572450805 0.04285714285714286 0.08586762075134168
23 0.6125 0.6681574239713775 0.11964285714285715 0.14669051878354203
38 0.8848214285714285 0.6547406082289803 0.06607142857142857 0.12880143112701253