70 0.20089285714285715 0.667262969588551 0.29642857142857143 0.11985688729874776
33 0.14732142857142858 0.23076923076923078 0.14285714285714285 0.1413237924865832
67 0.3098214285714286 0.23255813953488372 0.17857142857142858 0.16994633273703041
67 0.7669642857142858 0.7137745974955277 0.16428571428571428 0.16100178890876565
33 0.6151785714285715 0.6610017889087657 0.13392857142857142 0.12701252236135957
38 0.44285714285714284 0.2370304114490161 0.06785714285714285 0.13237924865831843
43 0.3991071428571429 0.6440071556350626 0.060714285714285714 0.08765652951699464
67 0.8473214285714286 0.19320214669051877 0.12142857142857143 0.15742397137745975
20 0.8883928571428571 0.7629695885509838 0.05892857142857143 0.11627906976744186
55 0.65625 0.1887298747763864 0.1357142857142857 0.13059033989266547
67 0.7535714285714286 0.18783542039355994 0.0625 0.12880143112701253
33 0.6553571428571429 0.18783542039355994 0.1375 0.13416815742397137
99 0.8821428571428571 0.18604651162790697 0.0625 0.14311270125223613