32 0.8330357142857143 0.6797853309481217 0.04107142857142857 0.09481216457960644
31 0.39732142857142855 0.6502683363148479 0.06607142857142857 0.12343470483005367
14 0.22321428571428573 0.6502683363148479 0.2375 0.148479427549195
67 0.7758928571428572 0.19588550983899822 0.1875 0.18604651162790697
33 0.1375 0.21556350626118068 0.14464285714285716 0.13774597495527727
67 0.2955357142857143 0.22808586762075134 0.16607142857142856 0.16279069767441862
33 0.6098214285714286 0.13327370304114491 0.1392857142857143 0.14311270125223613
38 0.9223214285714286 0.24776386404293382 0.06964285714285715 0.11985688729874776
57 0.70625 0.6726296958855098 0.16428571428571428 0.13059033989266547
38 0.4205357142857143 0.2298747763864043 0.06785714285714285 0.12880143112701253
41 0.4205357142857143 0.2298747763864043 0.06785714285714285 0.12880143112701253