85 0.15625 0.20125223613595708 0.11607142857142858 0.11985688729874776
67 0.2892857142857143 0.19767441860465115 0.1357142857142857 0.13237924865831843
33 0.6330357142857143 0.738819320214669 0.15 0.14311270125223613
67 0.7919642857142857 0.19230769230769232 0.15535714285714286 0.12343470483005367
67 0.3 0.6404293381037567 0.16964285714285715 0.1592128801431127
33 0.1392857142857143 0.6592128801431127 0.15357142857142858 0.1413237924865832
67 0.7946428571428571 0.7352415026833632 0.17142857142857143 0.17889087656529518
33 0.6464285714285715 0.18783542039355994 0.13214285714285715 0.1037567084078712
41 0.9232142857142858 0.7316636851520573 0.06964285714285715 0.13059033989266547
20 0.4142857142857143 0.2003577817531306 0.04285714285714286 0.1001788908765653
38 0.9107142857142857 0.19320214669051877 0.055357142857142855 0.09481216457960644
43 0.4276785714285714 0.6180679785330948 0.07142857142857142 0.13237924865831843