42 0.73125 0.18783542039355994 0.225 0.10554561717352415
25 0.40625 0.19856887298747763 0.05892857142857143 0.09838998211091235
79 0.19285714285714287 0.6636851520572451 0.225 0.1520572450805009
67 0.29196428571428573 0.18246869409660108 0.15178571428571427 0.11985688729874776
33 0.14821428571428572 0.1744186046511628 0.13214285714285715 0.09302325581395349
43 0.33214285714285713 0.6207513416815742 0.05178571428571429 0.07155635062611806
33 0.6866071428571429 0.7441860465116279 0.07142857142857142 0.059033989266547404
38 0.8339285714285715 0.7531305903398927 0.03571428571428571 0.059033989266547404
67 0.7678571428571429 0.7495527728085868 0.08928571428571429 0.07155635062611806
45 0.9053571428571429 0.18694096601073346 0.05357142857142857 0.09123434704830054
31 0.9053571428571429 0.18694096601073346 0.05178571428571429 0.09123434704830054