42 0.7205357142857143 0.2003577817531306 0.29285714285714287 0.08407871198568873
45 0.9508928571428571 0.19767441860465115 0.06428571428571428 0.08050089445438283
67 0.29732142857142857 0.18962432915921287 0.16607142857142856 0.1556350626118068
67 0.3098214285714286 0.6636851520572451 0.18214285714285713 0.15384615384615385
33 0.6267857142857143 0.6663685152057245 0.13392857142857142 0.11806797853309481
33 0.1392857142857143 0.6985688729874776 0.15535714285714286 0.13237924865831843
67 0.7660714285714286 0.6753130590339893 0.14821428571428572 0.13595706618962433
33 0.14375 0.18336314847942756 0.1375 0.1252236135957066
41 0.42142857142857143 0.18694096601073346 0.060714285714285714 0.11806797853309481
38 0.4419642857142857 0.6404293381037567 0.06607142857142857 0.1252236135957066
43 0.8848214285714285 0.6940966010733453 0.06964285714285715 0.10912343470483005