85 0.11607142857142858 0.6475849731663685 0.15535714285714286 0.1806797853309481
31 0.8526785714285714 0.6753130590339893 0.08571428571428572 0.148479427549195
47 0.68125 0.6556350626118068 0.24821428571428572 0.17173524150268335
67 0.28482142857142856 0.6502683363148479 0.18035714285714285 0.19856887298747763
67 0.8026785714285715 0.17620751341681573 0.13214285714285715 0.09660107334525939
67 0.28125 0.21645796064400716 0.15357142857142858 0.13416815742397137
99 0.41964285714285715 0.6377459749552773 0.09642857142857143 0.1806797853309481
33 0.14107142857142857 0.19946332737030412 0.13035714285714287 0.11091234347048301
33 0.6776785714285715 0.22808586762075134 0.11428571428571428 0.08944543828264759
38 0.8973214285714286 0.14221824686940965 0.04642857142857143 0.07155635062611806
38 0.39464285714285713 0.23255813953488372 0.060714285714285714 0.09660107334525939