55 0.61875 0.20304114490161002 0.1392857142857143 0.13953488372093023
67 0.76875 0.22182468694096602 0.15535714285714286 0.1520572450805009
67 0.30089285714285713 0.7012522361359571 0.1732142857142857 0.16815742397137745
33 0.14017857142857143 0.6869409660107334 0.14821428571428572 0.14311270125223613
67 0.7866071428571428 0.7245080500894454 0.18035714285714285 0.1771019677996422
33 0.6258928571428571 0.6645796064400715 0.14642857142857144 0.148479427549195
38 0.4303571428571429 0.7039355992844365 0.06785714285714285 0.13774597495527727
38 0.9223214285714286 0.7656529516994633 0.07142857142857142 0.11985688729874776
100 0.22142857142857142 0.1556350626118068 0.22857142857142856 0.11985688729874776
11 0.8821428571428571 0.2334525939177102 0.055357142857142855 0.11270125223613596
100 0.22142857142857142 0.15384615384615385 0.23035714285714284 0.11806797853309481
101 0.38137499999999996 0.171216457960644 0.06376785714285714 0.1073345259391771