67 0.2857142857142857 0.6627906976744186 0.1625 0.1413237924865832
67 0.7776785714285714 0.7012522361359571 0.1625 0.15026833631484796
33 0.13392857142857142 0.6627906976744186 0.13035714285714287 0.11985688729874776
67 0.7758928571428572 0.22540250447227192 0.1767857142857143 0.12164579606440072
67 0.28035714285714286 0.23255813953488372 0.17142857142857143 0.13416815742397137
33 0.6080357142857142 0.22271914132379247 0.14642857142857144 0.1001788908765653
33 0.6285714285714286 0.6815742397137746 0.13392857142857142 0.1252236135957066
33 0.12232142857142857 0.22898032200357782 0.14285714285714285 0.11270125223613596
41 0.9017857142857143 0.723613595706619 0.06428571428571428 0.11091234347048301
38 0.9142857142857143 0.22093023255813954 0.05714285714285714 0.08944543828264759
38 0.40982142857142856 0.23255813953488372 0.06428571428571428 0.1037567084078712
53 0.40982142857142856 0.6636851520572451 0.06785714285714285 0.11449016100178891