67 0.7508928571428571 0.21377459749552774 0.1357142857142857 0.1413237924865832
67 0.30357142857142855 0.1851520572450805 0.18214285714285713 0.17531305903398928
33 0.13392857142857142 0.18246869409660108 0.15178571428571427 0.13595706618962433
67 0.29196428571428573 0.7012522361359571 0.16964285714285715 0.1556350626118068
33 0.13214285714285715 0.7003577817531306 0.14464285714285716 0.12880143112701253
33 0.6205357142857143 0.19946332737030412 0.12321428571428572 0.11985688729874776
103 0.8508928571428571 0.21288014311270126 0.055357142857142855 0.11449016100178891
38 0.43660714285714286 0.1851520572450805 0.06964285714285715 0.12880143112701253
38 0.41696428571428573 0.6985688729874776 0.06428571428571428 0.13059033989266547
100 0.6669642857142857 0.6788908765652951 0.26607142857142857 0.14311270125223613
43 0.8375 0.6323792486583184 0.05357142857142857 0.07334525939177101