73 0.21785714285714286 0.6618962432915921 0.2125 0.11806797853309481
55 0.675 0.18425760286225404 0.16428571428571428 0.16279069767441862
67 0.8330357142857143 0.19856887298747763 0.15357142857142858 0.1735241502683363
67 0.29375 0.20840787119856888 0.1625 0.1592128801431127
33 0.1419642857142857 0.20661896243291591 0.1392857142857143 0.12880143112701253
33 0.6383928571428571 0.7039355992844365 0.07142857142857142 0.06618962432915922
67 0.71875 0.6985688729874776 0.08392857142857142 0.07155635062611806
53 0.41517857142857145 0.20304114490161002 0.06785714285714285 0.1252236135957066
43 0.37589285714285714 0.6565295169946332 0.0625 0.09302325581395349
99 0.6205357142857143 0.3282647584973166 0.06964285714285715 0.15026833631484796
38 0.7794642857142857 0.6932021466905188 0.03214285714285714 0.05366726296958855