94 0.17410714285714285 0.684257602862254 0.16785714285714284 0.15026833631484796
55 0.13125 0.2370304114490161 0.1357142857142857 0.12164579606440072
67 0.26607142857142857 0.22719141323792486 0.12857142857142856 0.12343470483005367
33 0.6232142857142857 0.6744186046511628 0.14464285714285716 0.13595706618962433
67 0.78125 0.6717352415026834 0.16071428571428573 0.1520572450805009
67 0.7803571428571429 0.22361359570661896 0.18214285714285713 0.18246869409660108
33 0.6160714285714286 0.1547406082289803 0.14642857142857144 0.1449016100178891
98 0.38839285714285715 0.21645796064400716 0.04642857142857143 0.13059033989266547
59 0.31339285714285714 0.6779964221824687 0.05714285714285714 0.1073345259391771
38 0.9133928571428571 0.2817531305903399 0.07142857142857142 0.11270125223613596
52 0.9026785714285714 0.6735241502683363 0.07321428571428572 0.12880143112701253