55 0.19464285714285715 0.6565295169946332 0.18928571428571428 0.16457960644007155
67 0.7517857142857143 0.1708407871198569 0.13214285714285715 0.15384615384615385
55 0.6151785714285715 0.18783542039355994 0.1375 0.1592128801431127
98 0.8776785714285714 0.1556350626118068 0.048214285714285716 0.16100178890876565
67 0.26875 0.18962432915921287 0.17142857142857143 0.17889087656529518
67 0.36428571428571427 0.6538461538461539 0.15714285714285714 0.18425760286225404
67 0.7589285714285714 0.7084078711985689 0.13035714285714287 0.15026833631484796
23 0.13303571428571428 0.2003577817531306 0.12142857142857143 0.18246869409660108
99 0.8696428571428572 0.7227191413237924 0.06785714285714285 0.13595706618962433
99 0.11785714285714285 0.8059033989266547 0.075 0.1806797853309481
81 0.3830357142857143 0.1887298747763864 0.07857142857142857 0.1413237924865832
33 0.6294642857142857 0.667262969588551 0.13035714285714287 0.13416815742397137
55 0.6303571428571428 0.6681574239713775 0.12857142857142856 0.13059033989266547