37 0.19375 0.6905187835420393 0.24642857142857144 0.2003577817531306
67 0.775 0.1851520572450805 0.15178571428571427 0.1449016100178891
67 0.7794642857142857 0.7110912343470484 0.1375 0.15384615384615385
67 0.30178571428571427 0.18604651162790697 0.1375 0.13595706618962433
55 0.16517857142857142 0.26654740608228983 0.14821428571428572 0.1592128801431127
33 0.6321428571428571 0.18246869409660108 0.13214285714285715 0.11985688729874776
33 0.6535714285714286 0.7039355992844365 0.12142857142857143 0.13774597495527727
43 0.3848214285714286 0.6994633273703041 0.09642857142857143 0.1592128801431127
38 0.8875 0.18336314847942756 0.05892857142857143 0.10912343470483005
45 0.40089285714285716 0.13953488372093023 0.0625 0.10196779964221825
11 0.875 0.7084078711985689 0.05714285714285714 0.1252236135957066