76 0.21517857142857144 0.1815742397137746 0.2125 0.13416815742397137
53 0.8535714285714285 0.2101967799642218 0.05357142857142857 0.07871198568872988
67 0.2857142857142857 0.6905187835420393 0.14642857142857144 0.13774597495527727
67 0.7455357142857143 0.22003577817531306 0.14285714285714285 0.1037567084078712
67 0.7723214285714286 0.7182468694096601 0.1392857142857143 0.15026833631484796
33 0.15 0.6949910554561717 0.12321428571428572 0.12164579606440072
33 0.6491071428571429 0.684257602862254 0.11428571428571428 0.1252236135957066
33 0.6089285714285714 0.22898032200357782 0.12678571428571428 0.08944543828264759
59 0.38125 0.1744186046511628 0.07142857142857142 0.1001788908765653
38 0.8732142857142857 0.7504472271914132 0.05892857142857143 0.1073345259391771
31 0.39375 0.6815742397137746 0.06607142857142857 0.12164579606440072
45 0.39375 0.6833631484794276 0.06428571428571428 0.11806797853309481