23 0.64375 0.22182468694096602 0.09642857142857143 0.12880143112701253
72 0.68125 0.6341681574239714 0.09107142857142857 0.13595706618962433
55 0.16785714285714284 0.1771019677996422 0.18035714285714285 0.17889087656529518
33 0.1357142857142857 0.7093023255813954 0.14285714285714285 0.1413237924865832
67 0.3392857142857143 0.17978533094812166 0.16964285714285715 0.19320214669051877
67 0.29732142857142857 0.7012522361359571 0.1732142857142857 0.16815742397137745
67 0.7616071428571428 0.1967799642218247 0.14107142857142857 0.13059033989266547
38 0.42589285714285713 0.6958855098389982 0.06964285714285715 0.13953488372093023
99 0.10921428571428571 0.3401967799642218 0.06607142857142857 0.16279069767441862
101 0.7580357142857143 0.6431127012522362 0.033928571428571426 0.09838998211091235
41 0.8633928571428572 0.1771019677996422 0.05357142857142857 0.09838998211091235