34 0.6857142857142857 0.6511627906976745 0.2517857142857143 0.12701252236135957
67 0.29285714285714287 0.6949910554561717 0.16785714285714284 0.16279069767441862
33 0.16517857142857142 0.18425760286225404 0.14464285714285716 0.13237924865831843
33 0.1392857142857143 0.7021466905187835 0.1392857142857143 0.12701252236135957
67 0.31875 0.1815742397137746 0.15535714285714286 0.1592128801431127
38 0.41875 0.6869409660107334 0.0625 0.1252236135957066
59 0.85625 0.6305903398926654 0.06428571428571428 0.07692307692307693
30 0.7178571428571429 0.1252236135957066 0.02857142857142857 0.09302325581395349
101 0.4205357142857143 0.1771019677996422 0.0625 0.13237924865831843
31 0.71875 0.1252236135957066 0.02857142857142857 0.09302325581395349
85 0.6517857142857143 0.12701252236135957 0.08392857142857142 0.11091234347048301
64 0.6517857142857143 0.12880143112701253 0.08392857142857142 0.11627906976744186
71 0.41964285714285715 0.17978533094812166 0.060714285714285714 0.13774597495527727