83 0.6919642857142857 0.22898032200357782 0.24285714285714285 0.11091234347048301
67 0.2910714285714286 0.20125223613595708 0.1732142857142857 0.16994633273703041
67 0.30089285714285713 0.6779964221824687 0.17857142857142858 0.17889087656529518
33 0.13839285714285715 0.14579606440071557 0.1357142857142857 0.13595706618962433
33 0.13125 0.6788908765652951 0.15178571428571427 0.13953488372093023
67 0.7857142857142857 0.6797853309481217 0.13214285714285715 0.11985688729874776
33 0.6616071428571428 0.7191413237924866 0.12857142857142856 0.11270125223613596
41 0.8785714285714286 0.22719141323792486 0.04642857142857143 0.07692307692307693
38 0.4357142857142857 0.6762075134168157 0.06785714285714285 0.13416815742397137
38 0.42232142857142857 0.240608228980322 0.06964285714285715 0.11449016100178891
38 0.8741071428571429 0.6556350626118068 0.055357142857142855 0.10196779964221825