61 0.7053571428571429 0.19946332737030412 0.2517857142857143 0.13416815742397137
67 0.29285714285714287 0.2182468694096601 0.1625 0.16279069767441862
67 0.7723214285714286 0.7307692307692307 0.17142857142857143 0.148479427549195
33 0.14107142857142857 0.21377459749552774 0.1375 0.13237924865831843
33 0.6098214285714286 0.7298747763864043 0.14642857142857144 0.11806797853309481
67 0.2794642857142857 0.7003577817531306 0.13035714285714287 0.12164579606440072
33 0.15535714285714286 0.7012522361359571 0.11428571428571428 0.1037567084078712
17 0.8732142857142857 0.20840787119856888 0.04642857142857143 0.09302325581395349
38 0.4142857142857143 0.2182468694096601 0.05892857142857143 0.11985688729874776
38 0.9035714285714286 0.7361359570661896 0.05892857142857143 0.10554561717352415
38 0.3767857142857143 0.6994633273703041 0.055357142857142855 0.09481216457960644