57 0.20267857142857143 0.16368515205724507 0.24642857142857144 0.11806797853309481
67 0.275 0.6645796064400715 0.18928571428571428 0.18246869409660108
67 0.7678571428571429 0.2370304114490161 0.16964285714285715 0.14669051878354203
33 0.6232142857142857 0.6949910554561717 0.16071428571428573 0.13237924865831843
67 0.7964285714285714 0.6645796064400715 0.18392857142857144 0.1592128801431127
33 0.6098214285714286 0.20840787119856888 0.14107142857142857 0.12164579606440072
38 0.93125 0.6422182468694096 0.06785714285714285 0.1252236135957066
43 0.3830357142857143 0.1592128801431127 0.06607142857142857 0.09123434704830054
38 0.42142857142857143 0.7084078711985689 0.08035714285714286 0.13416815742397137
38 0.8928571428571429 0.2629695885509839 0.06428571428571428 0.1073345259391771
23 0.12410714285714286 0.6198568872987478 0.11071428571428571 0.15742397137745975