70 0.6446428571428572 0.19767441860465115 0.25892857142857145 0.1073345259391771
95 0.2357142857142857 0.6663685152057245 0.2642857142857143 0.16279069767441862
103 0.8419642857142857 0.19141323792486584 0.060714285714285714 0.1037567084078712
67 0.29642857142857143 0.19856887298747763 0.15 0.13774597495527727
33 0.6258928571428571 0.7325581395348837 0.15 0.13237924865831843
67 0.78125 0.6592128801431127 0.15892857142857142 0.14669051878354203
33 0.15625 0.19856887298747763 0.13035714285714287 0.11806797853309481
38 0.40625 0.19588550983899822 0.05892857142857143 0.10554561717352415
43 0.425 0.7191413237924866 0.05357142857142857 0.08407871198568873
45 0.8875 0.6082289803220036 0.06428571428571428 0.1037567084078712
11 0.8875 0.6064400715563506 0.06607142857142857 0.1073345259391771