44 0.7026785714285714 0.18336314847942756 0.16964285714285715 0.11985688729874776
33 0.13392857142857142 0.6699463327370304 0.15178571428571427 0.12880143112701253
33 0.12946428571428573 0.15295169946332737 0.14464285714285716 0.148479427549195
67 0.30178571428571427 0.682468694096601 0.17857142857142858 0.1556350626118068
67 0.2892857142857143 0.22540250447227192 0.175 0.16457960644007155
67 0.7875 0.6905187835420393 0.14821428571428572 0.12164579606440072
33 0.6482142857142857 0.6967799642218246 0.13035714285714287 0.10554561717352415
20 0.43214285714285716 0.6887298747763864 0.06428571428571428 0.11091234347048301
38 0.8964285714285715 0.6851520572450805 0.05357142857142857 0.09660107334525939
43 0.8321428571428572 0.19409660107334525 0.048214285714285716 0.08407871198568873
53 0.42142857142857143 0.2889087656529517 0.06785714285714285 0.11449016100178891
38 0.4205357142857143 0.2889087656529517 0.06964285714285715 0.11627906976744186