55 0.6357142857142857 0.6976744186046512 0.15892857142857142 0.1592128801431127
33 0.6258928571428571 0.2039355992844365 0.14285714285714285 0.13416815742397137
67 0.7839285714285714 0.21288014311270126 0.17142857142857143 0.16279069767441862
67 0.26964285714285713 0.2075134168157424 0.1732142857142857 0.16994633273703041
67 0.79375 0.6994633273703041 0.15892857142857142 0.16815742397137745
100 0.2 0.6788908765652951 0.2642857142857143 0.14311270125223613
99 0.90625 0.6896243291592129 0.0625 0.1449016100178891
23 0.12678571428571428 0.20483005366726298 0.11071428571428571 0.15742397137745975
38 0.9098214285714286 0.2146690518783542 0.06428571428571428 0.12701252236135957
38 0.4 0.2101967799642218 0.06964285714285715 0.13059033989266547
43 0.3732142857142857 0.6457960644007156 0.05892857142857143 0.09123434704830054