33 0.12410714285714286 0.16815742397137745 0.14464285714285716 0.13416815742397137
67 0.29017857142857145 0.2146690518783542 0.18571428571428572 0.16994633273703041
67 0.7767857142857143 0.6869409660107334 0.1357142857142857 0.11091234347048301
67 0.7919642857142857 0.19230769230769232 0.16071428571428573 0.13416815742397137
33 0.64375 0.6815742397137746 0.12321428571428572 0.1001788908765653
33 0.6419642857142858 0.24239713774597496 0.1375 0.12164579606440072
43 0.88125 0.6932021466905188 0.05178571428571429 0.08586762075134168
38 0.4375 0.24508050089445438 0.07142857142857142 0.12164579606440072
61 0.18392857142857144 0.721824686940966 0.19642857142857142 0.1592128801431127
43 0.3080357142857143 0.6520572450805009 0.05178571428571429 0.05366726296958855
20 0.90625 0.1592128801431127 0.060714285714285714 0.10912343470483005