47 0.21160714285714285 0.669051878354204 0.16607142857142856 0.1413237924865832
100 0.17946428571428572 0.20214669051878353 0.20714285714285716 0.10554561717352415
67 0.8071428571428572 0.17531305903398928 0.1875 0.15384615384615385
33 0.625 0.2370304114490161 0.18035714285714285 0.13774597495527727
43 0.3464285714285714 0.7343470483005367 0.05178571428571429 0.08407871198568873
38 0.9464285714285714 0.1252236135957066 0.07678571428571429 0.11270125223613596
43 0.32321428571428573 0.19499105545617174 0.05 0.08228980322003578
67 0.70625 0.686046511627907 0.13035714285714287 0.23434704830053668
55 0.8178571428571428 0.7933810375670841 0.12678571428571428 0.23255813953488372
67 0.825 0.7432915921288015 0.12678571428571428 0.2826475849731664
67 0.7169642857142857 0.627906976744186 0.13214285714285715 0.10912343470483005