85 0.6357142857142857 0.19230769230769232 0.11785714285714285 0.11449016100178891
67 0.7723214285714286 0.19051878354203935 0.14107142857142857 0.13059033989266547
95 0.25089285714285714 0.1806797853309481 0.20535714285714285 0.16994633273703041
67 0.7803571428571429 0.6914132379248659 0.12321428571428572 0.1252236135957066
48 0.3964285714285714 0.1806797853309481 0.05 0.11627906976744186
33 0.16517857142857142 0.6958855098389982 0.13214285714285715 0.10912343470483005
33 0.6678571428571428 0.6708407871198568 0.10357142857142858 0.1037567084078712
41 0.8767857142857143 0.7066189624329159 0.048214285714285716 0.09123434704830054
67 0.30357142857142855 0.7021466905187835 0.15 0.13059033989266547
11 0.88125 0.2003577817531306 0.044642857142857144 0.09660107334525939
38 0.4142857142857143 0.7057245080500895 0.06428571428571428 0.09481216457960644