33 0.6258928571428571 0.1806797853309481 0.14642857142857144 0.13059033989266547
67 0.7866071428571428 0.1806797853309481 0.1732142857142857 0.16100178890876565
67 0.2875 0.6529516994633273 0.16785714285714284 0.11270125223613596
33 0.6330357142857143 0.6699463327370304 0.1392857142857143 0.1413237924865832
67 0.7919642857142857 0.7075134168157424 0.16964285714285715 0.17173524150268335
33 0.13303571428571428 0.6511627906976745 0.14285714285714285 0.09660107334525939
41 0.9160714285714285 0.1815742397137746 0.06785714285714285 0.12343470483005367
101 0.4142857142857143 0.6529516994633273 0.06428571428571428 0.08586762075134168
38 0.91875 0.7316636851520573 0.07321428571428572 0.12701252236135957
59 0.31160714285714286 0.15384615384615385 0.05 0.08586762075134168
18 0.20089285714285715 0.16636851520572452 0.14285714285714285 0.11091234347048301