60 0.6973214285714285 0.684257602862254 0.15892857142857142 0.1771019677996422
67 0.29285714285714287 0.2039355992844365 0.16785714285714284 0.15026833631484796
67 0.30714285714285716 0.6726296958855098 0.18392857142857144 0.1556350626118068
33 0.13660714285714284 0.21288014311270126 0.1392857142857143 0.11806797853309481
33 0.1357142857142857 0.7128801431127012 0.15892857142857142 0.12701252236135957
67 0.78125 0.21645796064400716 0.14464285714285716 0.12880143112701253
33 0.6455357142857143 0.1851520572450805 0.125 0.1001788908765653
38 0.8901785714285714 0.24239713774597496 0.05357142857142857 0.08765652951699464
38 0.41875 0.19409660107334525 0.0625 0.11270125223613596
10 0.8178571428571428 0.6878354203935599 0.05357142857142857 0.11270125223613596
53 0.4446428571428571 0.644901610017889 0.06607142857142857 0.11627906976744186