67 0.7794642857142857 0.6869409660107334 0.15357142857142858 0.14669051878354203
33 0.6151785714285715 0.1967799642218247 0.15 0.1413237924865832
67 0.29285714285714287 0.7039355992844365 0.13214285714285715 0.13774597495527727
67 0.7848214285714286 0.2003577817531306 0.1875 0.16815742397137745
33 0.6330357142857143 0.6887298747763864 0.1392857142857143 0.12343470483005367
41 0.42410714285714285 0.22361359570661896 0.04285714285714286 0.08944543828264759
33 0.17410714285714285 0.6699463327370304 0.10714285714285714 0.11449016100178891
17 0.9241071428571429 0.1851520572450805 0.075 0.11985688729874776
38 0.39375 0.7307692307692307 0.05357142857142857 0.09838998211091235
83 0.256125 0.22620751341681575 0.2392857142857143 0.11449016100178891
45 0.8946428571428572 0.6851520572450805 0.06428571428571428 0.11270125223613596