67 0.7821428571428571 0.6905187835420393 0.16607142857142856 0.1520572450805009
67 0.28660714285714284 0.6887298747763864 0.15535714285714286 0.1520572450805009
67 0.2955357142857143 0.21645796064400716 0.18214285714285713 0.1592128801431127
33 0.14464285714285716 0.669051878354204 0.12321428571428572 0.12164579606440072
33 0.6267857142857143 0.6940966010733453 0.1375 0.11627906976744186
33 0.13214285714285715 0.17889087656529518 0.14464285714285716 0.13416815742397137
38 0.9044642857142857 0.684257602862254 0.05892857142857143 0.11270125223613596
47 0.66875 0.19499105545617174 0.1767857142857143 0.12701252236135957
43 0.7955357142857142 0.1368515205724508 0.05892857142857143 0.07692307692307693
38 0.4348214285714286 0.23792486583184258 0.075 0.11985688729874776
41 0.4044642857142857 0.7030411449016101 0.05714285714285714 0.11449016100178891