55 0.15803571428571428 0.7003577817531306 0.14107142857142857 0.12880143112701253
67 0.78125 0.6949910554561717 0.1625 0.15742397137745975
67 0.29732142857142857 0.6994633273703041 0.14107142857142857 0.13595706618962433
33 0.6267857142857143 0.7003577817531306 0.14107142857142857 0.12343470483005367
33 0.14910714285714285 0.20125223613595708 0.12857142857142856 0.12880143112701253
67 0.28660714285714284 0.20125223613595708 0.15 0.15742397137745975
99 0.8151785714285714 0.20840787119856888 0.039285714285714285 0.10554561717352415
38 0.9071428571428571 0.686046511627907 0.0625 0.1252236135957066
87 0.6901785714285714 0.20930232558139536 0.16428571428571428 0.12343470483005367
99 0.40267857142857144 0.18962432915921287 0.06785714285714285 0.14311270125223613
45 0.3991071428571429 0.7021466905187835 0.055357142857142855 0.10912343470483005