24 0.6821428571428572 0.6851520572450805 0.14464285714285716 0.15384615384615385
23 0.2080357142857143 0.6135957066189625 0.06964285714285715 0.16815742397137745
67 0.2839285714285714 0.6180679785330948 0.09107142857142857 0.15384615384615385
101 0.8044642857142857 0.6878354203935599 0.05 0.11806797853309481
16 0.6705357142857142 0.22450805008944544 0.15535714285714286 0.10196779964221825
67 0.8178571428571428 0.23255813953488372 0.13214285714285715 0.10196779964221825
67 0.28482142857142856 0.21377459749552774 0.14821428571428572 0.15026833631484796
33 0.15446428571428572 0.23076923076923078 0.11607142857142858 0.13416815742397137
43 0.6214285714285714 0.3103756708407871 0.060714285714285714 0.08944543828264759
31 0.3669642857142857 0.6189624329159212 0.05714285714285714 0.14311270125223613
45 0.3892857142857143 0.20214669051878353 0.07142857142857142 0.12164579606440072