33 0.1392857142857143 0.6806797853309481 0.1375 0.13774597495527727
33 0.15892857142857142 0.23255813953488372 0.11071428571428571 0.11985688729874776
33 0.6392857142857142 0.7262969588550984 0.1357142857142857 0.13059033989266547
67 0.2794642857142857 0.23881932021466906 0.12857142857142856 0.13595706618962433
67 0.7803571428571429 0.6851520572450805 0.15357142857142858 0.14669051878354203
67 0.29017857142857145 0.6878354203935599 0.1625 0.14669051878354203
67 0.7803571428571429 0.20483005366726298 0.15535714285714286 0.12880143112701253
33 0.6339285714285714 0.2039355992844365 0.1357142857142857 0.11270125223613596
41 0.8964285714285715 0.2039355992844365 0.05892857142857143 0.1001788908765653
38 0.41160714285714284 0.6985688729874776 0.0625 0.12701252236135957
11 0.8830357142857143 0.6618962432915921 0.05357142857142857 0.11091234347048301
11 0.37589285714285714 0.23971377459749552 0.05357142857142857 0.10912343470483005