67 0.2785714285714286 0.6967799642218246 0.16071428571428573 0.13953488372093023
23 0.6401785714285714 0.6779964221824687 0.07857142857142857 0.1252236135957066
33 0.16785714285714284 0.17889087656529518 0.14285714285714285 0.16100178890876565
67 0.325 0.17620751341681573 0.1767857142857143 0.17531305903398928
67 0.7758928571428572 0.20661896243291591 0.1732142857142857 0.15742397137745975
33 0.6142857142857143 0.2075134168157424 0.14464285714285716 0.1252236135957066
23 0.14464285714285716 0.7012522361359571 0.10714285714285714 0.13595706618962433
67 0.7392857142857143 0.6663685152057245 0.12142857142857143 0.13416815742397137
38 0.3991071428571429 0.6887298747763864 0.0625 0.10912343470483005
38 0.9044642857142857 0.20304114490161002 0.06428571428571428 0.11627906976744186
99 0.44642857142857145 0.19051878354203935 0.06964285714285715 0.14311270125223613
25 0.8241071428571428 0.6601073345259392 0.048214285714285716 0.1073345259391771