54 0.20089285714285715 0.646690518783542 0.3053571428571429 0.15026833631484796
67 0.2955357142857143 0.2182468694096601 0.16607142857142856 0.16279069767441862
67 0.7848214285714286 0.6788908765652951 0.16607142857142856 0.11627906976744186
33 0.14107142857142857 0.22093023255813954 0.14285714285714285 0.13774597495527727
33 0.6357142857142857 0.20840787119856888 0.14285714285714285 0.13595706618962433
67 0.7848214285714286 0.20125223613595708 0.15714285714285714 0.1556350626118068
33 0.6232142857142857 0.7271914132379249 0.16428571428571428 0.11091234347048301
59 0.40089285714285716 0.6225402504472272 0.06785714285714285 0.09302325581395349
38 0.42232142857142857 0.2182468694096601 0.06785714285714285 0.12880143112701253
38 0.9035714285714286 0.6457960644007156 0.05714285714285714 0.08586762075134168
41 0.8982142857142857 0.2003577817531306 0.06607142857142857 0.13059033989266547