91 0.6964285714285714 0.6511627906976745 0.2357142857142857 0.12343470483005367
71 0.39107142857142857 0.19767441860465115 0.05892857142857143 0.1073345259391771
67 0.7732142857142857 0.19499105545617174 0.16428571428571428 0.15384615384615385
67 0.27767857142857144 0.20214669051878353 0.15 0.13059033989266547
33 0.6178571428571429 0.18962432915921287 0.14107142857142857 0.11985688729874776
67 0.28214285714285714 0.686046511627907 0.15535714285714286 0.13059033989266547
33 0.14017857142857143 0.6851520572450805 0.13035714285714287 0.10912343470483005
33 0.1392857142857143 0.20572450805008943 0.12857142857142856 0.1073345259391771
41 0.8982142857142857 0.1887298747763864 0.0625 0.11806797853309481
38 0.39553571428571427 0.6815742397137746 0.05714285714285714 0.1001788908765653
59 0.8633928571428572 0.648479427549195 0.05714285714285714 0.08228980322003578