33 0.65625 0.6878354203935599 0.08035714285714286 0.06618962432915922
67 0.3482142857142857 0.2146690518783542 0.16607142857142856 0.14669051878354203
67 0.3142857142857143 0.6699463327370304 0.175 0.16994633273703041
33 0.1419642857142857 0.6985688729874776 0.16071428571428573 0.15026833631484796
67 0.78125 0.21735241502683364 0.16607142857142856 0.06440071556350627
33 0.19017857142857142 0.18604651162790697 0.15178571428571427 0.13237924865831843
67 0.74375 0.7137745974955277 0.09642857142857143 0.08407871198568873
33 0.6196428571428572 0.21556350626118068 0.13392857142857142 0.0518783542039356
99 0.13392857142857142 0.29159212880143115 0.055357142857142855 0.11627906976744186
38 0.8160714285714286 0.7325581395348837 0.0375 0.06082289803220036
38 0.9133928571428571 0.22003577817531306 0.05714285714285714 0.05008944543828265
38 0.4392857142857143 0.6556350626118068 0.07321428571428572 0.1413237924865832