95 0.24464285714285713 0.20930232558139536 0.2125 0.1413237924865832
33 0.6258928571428571 0.6547406082289803 0.14642857142857144 0.1449016100178891
67 0.7857142857142857 0.646690518783542 0.17142857142857143 0.16457960644007155
67 0.7821428571428571 0.19499105545617174 0.15357142857142858 0.12880143112701253
33 0.6392857142857142 0.20304114490161002 0.13392857142857142 0.1073345259391771
67 0.3080357142857143 0.6538461538461539 0.14642857142857144 0.13416815742397137
48 0.4107142857142857 0.21288014311270126 0.05178571428571429 0.10196779964221825
41 0.8946428571428572 0.1887298747763864 0.05892857142857143 0.09660107334525939
33 0.15178571428571427 0.7182468694096601 0.16785714285714284 0.13237924865831843
98 0.9098214285714286 0.6359570661896243 0.05892857142857143 0.12343470483005367
53 0.40982142857142856 0.6144901610017889 0.06428571428571428 0.09838998211091235