33 0.6232142857142857 0.20840787119856888 0.15 0.1413237924865832
67 0.7866071428571428 0.21198568872987478 0.175 0.16279069767441862
33 0.12589285714285714 0.18336314847942756 0.15 0.13595706618962433
67 0.29017857142857145 0.18694096601073346 0.18035714285714285 0.16457960644007155
50 0.2392857142857143 0.7012522361359571 0.225 0.1520572450805009
38 0.9160714285714285 0.20930232558139536 0.06607142857142857 0.12701252236135957
59 0.8125 0.6305903398926654 0.06428571428571428 0.07692307692307693
43 0.37589285714285714 0.6359570661896243 0.04642857142857143 0.059033989266547404
60 0.7017857142857142 0.6717352415026834 0.16428571428571428 0.1413237924865832
89 0.7 0.6717352415026834 0.16071428571428573 0.13953488372093023
38 0.41875 0.18604651162790697 0.075 0.1413237924865832