42 0.71875 0.682468694096601 0.22678571428571428 0.12701252236135957
45 0.8919642857142858 0.6797853309481217 0.05357142857142857 0.1073345259391771
67 0.30178571428571427 0.23434704830053668 0.1392857142857143 0.11806797853309481
67 0.7642857142857142 0.20572450805008943 0.18928571428571428 0.16457960644007155
67 0.2526785714285714 0.6475849731663685 0.13035714285714287 0.12164579606440072
33 0.175 0.2334525939177102 0.11607142857142858 0.1037567084078712
33 0.13839285714285715 0.6350626118067979 0.10178571428571428 0.1001788908765653
33 0.6 0.16636851520572452 0.13392857142857142 0.14311270125223613
38 0.4035714285714286 0.23434704830053668 0.05178571428571429 0.09123434704830054
43 0.3517857142857143 0.6645796064400715 0.05357142857142857 0.09302325581395349
38 0.9044642857142857 0.2262969588550984 0.07857142857142857 0.13237924865831843