99 0.3892857142857143 0.6323792486583184 0.060714285714285714 0.12343470483005367
67 0.7651785714285714 0.20661896243291591 0.1732142857142857 0.16636851520572452
67 0.81875 0.6252236135957067 0.14107142857142857 0.16636851520572452
67 0.3044642857142857 0.21645796064400716 0.15178571428571427 0.16636851520572452
67 0.27053571428571427 0.646690518783542 0.16071428571428573 0.14669051878354203
23 0.14107142857142857 0.6493738819320215 0.09821428571428571 0.13953488372093023
33 0.6035714285714285 0.16189624329159213 0.14285714285714285 0.13416815742397137
33 0.6767857142857143 0.6350626118067979 0.14285714285714285 0.12343470483005367
41 0.9017857142857143 0.23792486583184258 0.06785714285714285 0.11449016100178891
99 0.6232142857142857 0.7772808586762076 0.06607142857142857 0.1592128801431127
99 0.41696428571428573 0.2039355992844365 0.06428571428571428 0.13059033989266547
55 0.15560714285714286 0.22234347048300537 0.15816071428571427 0.16867620751341683