55 0.14732142857142858 0.6958855098389982 0.15892857142857142 0.1556350626118068
33 0.6214285714285714 0.19588550983899822 0.14642857142857144 0.12880143112701253
67 0.3053571428571429 0.6788908765652951 0.15892857142857142 0.16815742397137745
67 0.7830357142857143 0.20214669051878353 0.17142857142857143 0.16279069767441862
33 0.6205357142857143 0.6833631484794276 0.1357142857142857 0.13416815742397137
67 0.7741071428571429 0.6958855098389982 0.16964285714285715 0.16457960644007155
67 0.29196428571428573 0.21198568872987478 0.14464285714285716 0.13059033989266547
99 0.4232142857142857 0.6618962432915921 0.05714285714285714 0.15026833631484796
33 0.15803571428571428 0.1967799642218247 0.12321428571428572 0.10554561717352415
38 0.8991071428571429 0.7075134168157424 0.06785714285714285 0.12880143112701253
17 0.9160714285714285 0.20572450805008943 0.07142857142857142 0.11270125223613596
11 0.4 0.22182468694096602 0.05178571428571429 0.09660107334525939