16 0.16785714285714284 0.7003577817531306 0.24821428571428572 0.1592128801431127
67 0.7696428571428572 0.22271914132379247 0.15 0.16100178890876565
67 0.3678571428571429 0.7110912343470484 0.16071428571428573 0.1556350626118068
67 0.2669642857142857 0.1511627906976744 0.13035714285714287 0.11270125223613596
45 0.8866071428571428 0.25313059033989266 0.06428571428571428 0.11806797853309481
67 0.7732142857142857 0.6779964221824687 0.1625 0.1252236135957066
33 0.6321428571428571 0.17262969588550983 0.12321428571428572 0.1413237924865832
33 0.15 0.14221824686940965 0.10535714285714286 0.09302325581395349
33 0.6196428571428572 0.6806797853309481 0.14285714285714285 0.10912343470483005
59 0.09375 0.8202146690518783 0.09464285714285714 0.11270125223613596
53 0.8964285714285715 0.6735241502683363 0.0625 0.09838998211091235
59 0.3669642857142857 0.15295169946332737 0.0625 0.08407871198568873