67 0.29910714285714285 0.1967799642218247 0.16964285714285715 0.16457960644007155
33 0.1419642857142857 0.19767441860465115 0.14285714285714285 0.1252236135957066
67 0.7732142857142857 0.19409660107334525 0.15714285714285714 0.13595706618962433
67 0.7892857142857143 0.6627906976744186 0.16428571428571428 0.14669051878354203
67 0.26160714285714287 0.6189624329159212 0.15357142857142858 0.10912343470483005
23 0.6410714285714286 0.19499105545617174 0.10357142857142858 0.13059033989266547
33 0.12142857142857143 0.6305903398926654 0.12678571428571428 0.09481216457960644
33 0.6375 0.667262969588551 0.1375 0.11806797853309481
38 0.42589285714285713 0.19230769230769232 0.0625 0.12164579606440072
59 0.37857142857142856 0.6082289803220036 0.0625 0.08050089445438283
38 0.9080357142857143 0.6601073345259392 0.06607142857142857 0.11627906976744186
38 0.8919642857142858 0.19320214669051877 0.05892857142857143 0.1001788908765653