76 0.21517857142857144 0.6645796064400715 0.2125 0.13595706618962433
16 0.64375 0.1708407871198569 0.15357142857142858 0.09481216457960644
67 0.29285714285714287 0.21914132379248658 0.16964285714285715 0.16279069767441862
67 0.7821428571428571 0.6797853309481217 0.16785714285714284 0.16636851520572452
33 0.625 0.6806797853309481 0.14642857142857144 0.12701252236135957
33 0.13482142857142856 0.1967799642218247 0.14285714285714285 0.13059033989266547
67 0.7821428571428571 0.16994633273703041 0.125 0.10196779964221825
38 0.41964285714285715 0.23255813953488372 0.06428571428571428 0.12164579606440072
59 0.3821428571428571 0.6574239713774598 0.075 0.1037567084078712
38 0.9089285714285714 0.6762075134168157 0.0625 0.11985688729874776
43 0.8857142857142857 0.16547406082289803 0.04642857142857143 0.07513416815742398