100 0.6714285714285714 0.6771019677996423 0.16785714285714284 0.17173524150268335
67 0.74375 0.18962432915921287 0.18214285714285713 0.18962432915921287
67 0.2857142857142857 0.19499105545617174 0.1767857142857143 0.16457960644007155
67 0.3080357142857143 0.6538461538461539 0.2017857142857143 0.17889087656529518
23 0.5982142857142857 0.19320214669051877 0.1125 0.16636851520572452
33 0.12410714285714286 0.7119856887298748 0.17857142857142858 0.15026833631484796
33 0.13035714285714287 0.1771019677996422 0.1375 0.1449016100178891
53 0.41785714285714287 0.19499105545617174 0.08035714285714286 0.13237924865831843
38 0.8705357142857143 0.18604651162790697 0.06964285714285715 0.1449016100178891
53 0.80625 0.682468694096601 0.05 0.12880143112701253
38 0.44642857142857145 0.6135957066189625 0.07321428571428572 0.13774597495527727