23 0.6464285714285715 0.684257602862254 0.09464285714285714 0.13774597495527727
31 0.8821428571428571 0.6896243291592129 0.0625 0.11985688729874776
67 0.7580357142857143 0.6878354203935599 0.13035714285714287 0.13774597495527727
33 0.6214285714285714 0.20214669051878353 0.14821428571428572 0.13774597495527727
33 0.16517857142857142 0.19499105545617174 0.1357142857142857 0.1413237924865832
67 0.3142857142857143 0.19230769230769232 0.16428571428571428 0.15742397137745975
67 0.78125 0.2003577817531306 0.1732142857142857 0.1592128801431127
66 0.18839285714285714 0.6592128801431127 0.12857142857142856 0.14669051878354203
53 0.9071428571428571 0.19051878354203935 0.06785714285714285 0.12701252236135957
11 0.28214285714285714 0.648479427549195 0.039285714285714285 0.10912343470483005
38 0.9080357142857143 0.19051878354203935 0.06785714285714285 0.1252236135957066