20 0.8991071428571429 0.6708407871198568 0.05714285714285714 0.11270125223613596
67 0.7785714285714286 0.6788908765652951 0.16607142857142856 0.15026833631484796
67 0.29910714285714285 0.21645796064400716 0.15535714285714286 0.16100178890876565
67 0.7892857142857143 0.2146690518783542 0.17857142857142858 0.16100178890876565
33 0.6241071428571429 0.6905187835420393 0.14107142857142857 0.12343470483005367
33 0.625 0.2101967799642218 0.14821428571428572 0.13595706618962433
33 0.15535714285714286 0.21198568872987478 0.13214285714285715 0.13595706618962433
38 0.9205357142857142 0.20930232558139536 0.07321428571428572 0.13237924865831843
59 0.42678571428571427 0.7119856887298748 0.06428571428571428 0.08765652951699464
100 0.2517857142857143 0.6717352415026834 0.2392857142857143 0.15026833631484796
41 0.41875 0.21914132379248658 0.07321428571428572 0.12701252236135957