67 0.29642857142857143 0.22361359570661896 0.16785714285714284 0.15742397137745975
67 0.7821428571428571 0.6708407871198568 0.1732142857142857 0.16636851520572452
67 0.7741071428571429 0.19499105545617174 0.16071428571428573 0.14669051878354203
33 0.1392857142857143 0.2110912343470483 0.1392857142857143 0.13237924865831843
33 0.6241071428571429 0.19499105545617174 0.1357142857142857 0.11449016100178891
33 0.6205357142857143 0.667262969588551 0.14642857142857144 0.12701252236135957
46 0.18571428571428572 0.6350626118067979 0.1392857142857143 0.16279069767441862
38 0.8955357142857143 0.19141323792486584 0.060714285714285714 0.11091234347048301
38 0.9116071428571428 0.6717352415026834 0.06607142857142857 0.12343470483005367
38 0.42232142857142857 0.2262969588550984 0.06785714285714285 0.13059033989266547
52 0.2883928571428571 0.6234347048300537 0.04285714285714286 0.13237924865831843