67 0.7357142857142858 0.22093023255813954 0.08571428571428572 0.10554561717352415
85 0.6580357142857143 0.22271914132379247 0.07321428571428572 0.10554561717352415
55 0.20535714285714285 0.17531305903398928 0.11607142857142858 0.09481216457960644
33 0.6464285714285715 0.7119856887298748 0.12142857142857143 0.11270125223613596
33 0.15982142857142856 0.6708407871198568 0.125 0.08944543828264759
20 0.8133928571428571 0.22182468694096602 0.03571428571428571 0.09660107334525939
67 0.2910714285714286 0.667262969588551 0.14107142857142857 0.10196779964221825
67 0.7669642857142858 0.6833631484794276 0.12321428571428572 0.12880143112701253
53 0.8553571428571428 0.6610017889087657 0.055357142857142855 0.10196779964221825
38 0.39285714285714285 0.6618962432915921 0.05714285714285714 0.08228980322003578
59 0.30089285714285713 0.18336314847942756 0.05 0.07513416815742398