95 0.19642857142857142 0.24686940966010734 0.25357142857142856 0.14669051878354203
23 0.13482142857142856 0.6726296958855098 0.0875 0.11806797853309481
48 0.3991071428571429 0.25313059033989266 0.06428571428571428 0.11270125223613596
33 0.6214285714285714 0.20304114490161002 0.14285714285714285 0.1252236135957066
31 0.3625 0.6762075134168157 0.060714285714285714 0.1037567084078712
67 0.24196428571428572 0.6735241502683363 0.125 0.12343470483005367
67 0.7803571428571429 0.19767441860465115 0.1732142857142857 0.1556350626118068
67 0.7625 0.6869409660107334 0.1357142857142857 0.15742397137745975
33 0.6348214285714285 0.6413237924865832 0.11071428571428571 0.11985688729874776
38 0.90625 0.18962432915921287 0.06428571428571428 0.11985688729874776
71 0.8669642857142857 0.7262969588550984 0.05178571428571429 0.1037567084078712