67 0.775 0.2039355992844365 0.17142857142857143 0.16279069767441862
33 0.61875 0.20125223613595708 0.1392857142857143 0.13237924865831843
67 0.78125 0.723613595706619 0.14821428571428572 0.13595706618962433
67 0.29732142857142857 0.6681574239713775 0.16428571428571428 0.1449016100178891
33 0.6446428571428572 0.7307692307692307 0.125 0.11806797853309481
33 0.15089285714285713 0.669051878354204 0.13214285714285715 0.12343470483005367
38 0.9035714285714286 0.2003577817531306 0.06428571428571428 0.12164579606440072
41 0.8875 0.7164579606440071 0.055357142857142855 0.1073345259391771
67 0.2741071428571429 0.19767441860465115 0.08928571428571429 0.06976744186046512
20 0.4107142857142857 0.6663685152057245 0.06428571428571428 0.12164579606440072
38 0.20089285714285715 0.2182468694096601 0.05714285714285714 0.057245080500894455
23 0.2 0.21735241502683364 0.05714285714285714 0.059033989266547404