56 0.7080357142857143 0.6502683363148479 0.21964285714285714 0.148479427549195
67 0.2875 0.7012522361359571 0.16428571428571428 0.17531305903398928
67 0.7741071428571429 0.2110912343470483 0.14642857142857144 0.11985688729874776
55 0.13214285714285715 0.6305903398926654 0.14107142857142857 0.1592128801431127
67 0.26071428571428573 0.2101967799642218 0.12321428571428572 0.13595706618962433
33 0.15089285714285713 0.17173524150268335 0.09821428571428571 0.11091234347048301
33 0.6375 0.2110912343470483 0.125 0.1037567084078712
59 0.8633928571428572 0.6788908765652951 0.055357142857142855 0.08765652951699464
38 0.3517857142857143 0.23881932021466906 0.05357142857142857 0.09838998211091235
38 0.8830357142857143 0.20840787119856888 0.05714285714285714 0.09123434704830054
45 0.4125 0.7513416815742398 0.06785714285714285 0.12164579606440072
31 0.4125 0.7513416815742398 0.06607142857142857 0.12164579606440072