54 0.25892857142857145 0.6833631484794276 0.18035714285714285 0.16457960644007155
76 0.6883928571428571 0.6583184257602862 0.1875 0.13416815742397137
92 0.3875 0.6851520572450805 0.04107142857142857 0.10554561717352415
33 0.6482142857142857 0.20483005366726298 0.12678571428571428 0.12880143112701253
33 0.19464285714285715 0.18425760286225404 0.0875 0.1073345259391771
67 0.7723214285714286 0.16100178890876565 0.12857142857142856 0.13953488372093023
67 0.29196428571428573 0.21645796064400716 0.10892857142857143 0.13059033989266547
59 0.8375 0.6779964221824687 0.0625 0.08944543828264759
38 0.3732142857142857 0.2441860465116279 0.05 0.10196779964221825
43 0.8607142857142858 0.13864042933810375 0.05357142857142857 0.11985688729874776
62 0.8598214285714286 0.1368515205724508 0.055357142857142855 0.12164579606440072