67 0.3026785714285714 0.6887298747763864 0.18035714285714285 0.16457960644007155
23 0.13392857142857142 0.16010733452593917 0.09107142857142857 0.12164579606440072
67 0.2580357142857143 0.20304114490161002 0.15 0.15026833631484796
33 0.13660714285714284 0.6744186046511628 0.14821428571428572 0.14669051878354203
67 0.7464285714285714 0.23434704830053668 0.11428571428571428 0.07871198568872988
17 0.8357142857142857 0.23792486583184258 0.044642857142857144 0.057245080500894455
52 0.3767857142857143 0.2441860465116279 0.06607142857142857 0.10554561717352415
33 0.6410714285714286 0.2262969588550984 0.09285714285714286 0.06618962432915922
38 0.4357142857142857 0.6905187835420393 0.07321428571428572 0.13059033989266547
67 0.6383928571428571 0.7110912343470484 0.10714285714285714 0.16100178890876565
31 0.7151785714285714 0.7137745974955277 0.055357142857142855 0.11985688729874776
99 0.5616071428571429 0.7012522361359571 0.06428571428571428 0.17173524150268335