54 0.6901785714285714 0.1556350626118068 0.2732142857142857 0.1413237924865832
67 0.29017857142857145 0.22271914132379247 0.14464285714285716 0.12880143112701253
67 0.3044642857142857 0.6905187835420393 0.17142857142857143 0.15384615384615385
67 0.7767857142857143 0.7110912343470484 0.12857142857142856 0.1001788908765653
41 0.8714285714285714 0.7048300536672629 0.048214285714285716 0.07692307692307693
33 0.15535714285714286 0.18336314847942756 0.11607142857142858 0.1073345259391771
33 0.6571428571428571 0.7164579606440071 0.1125 0.08586762075134168
33 0.1455357142857143 0.6878354203935599 0.14642857142857144 0.12343470483005367
38 0.40267857142857144 0.24955277280858676 0.05178571428571429 0.08586762075134168
41 0.4303571428571429 0.6833631484794276 0.060714285714285714 0.12164579606440072
43 0.8776785714285714 0.1744186046511628 0.05178571428571429 0.09302325581395349