26 0.21071428571428572 0.1851520572450805 0.12142857142857143 0.1592128801431127
33 0.15 0.6762075134168157 0.1625 0.14669051878354203
67 0.7776785714285714 0.7021466905187835 0.15535714285714286 0.1592128801431127
67 0.3053571428571429 0.6779964221824687 0.15357142857142858 0.16994633273703041
67 0.7892857142857143 0.20483005366726298 0.14107142857142857 0.12343470483005367
33 0.6580357142857143 0.20661896243291591 0.125 0.1073345259391771
33 0.6339285714285714 0.6914132379248659 0.13392857142857142 0.13595706618962433
99 0.4133928571428571 0.669051878354204 0.06607142857142857 0.1556350626118068
38 0.89375 0.19856887298747763 0.05357142857142857 0.09302325581395349
41 0.8964285714285715 0.7101967799642218 0.06964285714285715 0.12164579606440072
10 0.30714285714285716 0.16905187835420393 0.048214285714285716 0.11627906976744186