82 0.6839285714285714 0.7003577817531306 0.23392857142857143 0.13416815742397137
97 0.6339285714285714 0.1771019677996422 0.14642857142857144 0.09660107334525939
67 0.29910714285714285 0.6949910554561717 0.1625 0.15742397137745975
33 0.15 0.6940966010733453 0.1357142857142857 0.1252236135957066
59 0.8669642857142857 0.6887298747763864 0.08392857142857142 0.11449016100178891
33 0.12678571428571428 0.18425760286225404 0.13214285714285715 0.10554561717352415
67 0.2598214285714286 0.14669051878354203 0.15178571428571427 0.12343470483005367
67 0.775 0.1806797853309481 0.13214285714285715 0.1001788908765653
38 0.41964285714285715 0.6914132379248659 0.060714285714285714 0.12343470483005367
59 0.3651785714285714 0.11717352415026834 0.07321428571428572 0.09660107334525939
59 0.89375 0.1806797853309481 0.05178571428571429 0.06976744186046512