23 0.2080357142857143 0.13059033989266547 0.07321428571428572 0.16457960644007155
67 0.7803571428571429 0.6744186046511628 0.16964285714285715 0.16279069767441862
33 0.5928571428571429 0.17889087656529518 0.14464285714285716 0.11091234347048301
33 0.6223214285714286 0.684257602862254 0.14464285714285716 0.13416815742397137
25 0.7330357142857142 0.17531305903398928 0.060714285714285714 0.09481216457960644
67 0.2839285714285714 0.13327370304114491 0.09107142857142857 0.148479427549195
67 0.29464285714285715 0.7057245080500895 0.14107142857142857 0.16279069767441862
33 0.1625 0.6547406082289803 0.1357142857142857 0.148479427549195
38 0.9035714285714286 0.6663685152057245 0.0625 0.12343470483005367
31 0.36875 0.1368515205724508 0.05714285714285714 0.1413237924865832
11 0.3964285714285714 0.7423971377459749 0.06428571428571428 0.13059033989266547