40 0.6616071428571428 0.17262969588550983 0.16607142857142856 0.148479427549195
100 0.22053571428571428 0.19320214669051877 0.21964285714285714 0.13416815742397137
67 0.29910714285714285 0.6833631484794276 0.14642857142857144 0.12880143112701253
67 0.7651785714285714 0.644901610017889 0.11785714285714285 0.10196779964221825
33 0.1625 0.6851520572450805 0.125 0.10912343470483005
33 0.6491071428571429 0.646690518783542 0.10535714285714286 0.09838998211091235
48 0.8616071428571429 0.631484794275492 0.05 0.10196779964221825
59 0.36607142857142855 0.16010733452593917 0.055357142857142855 0.08407871198568873
38 0.40625 0.6779964221824687 0.05714285714285714 0.09838998211091235
71 0.7901785714285714 0.1779964221824687 0.05 0.1037567084078712
59 0.7901785714285714 0.17889087656529518 0.05 0.10196779964221825