16 0.6714285714285714 0.6914132379248659 0.21964285714285714 0.18604651162790697
34 0.23392857142857143 0.7075134168157424 0.18571428571428572 0.18246869409660108
86 0.6964285714285714 0.16189624329159213 0.24107142857142858 0.12164579606440072
67 0.85625 0.6681574239713775 0.15357142857142858 0.19141323792486584
67 0.2714285714285714 0.19856887298747763 0.12857142857142856 0.13059033989266547
33 0.15892857142857142 0.16547406082289803 0.1 0.10554561717352415
30 0.3723214285714286 0.7093023255813954 0.05 0.11627906976744186
38 0.3705357142857143 0.22450805008944544 0.055357142857142855 0.09660107334525939
43 0.8696428571428572 0.17620751341681573 0.05357142857142857 0.08228980322003578
59 0.3723214285714286 0.7093023255813954 0.05 0.11449016100178891
43 0.5928571428571429 0.8747763864042933 0.06785714285714285 0.13416815742397137