67 0.30178571428571427 0.7137745974955277 0.15178571428571427 0.15026833631484796
55 0.15267857142857144 0.7316636851520573 0.14821428571428572 0.14311270125223613
67 0.7883928571428571 0.7343470483005367 0.1625 0.12701252236135957
67 0.29196428571428573 0.22540250447227192 0.1767857142857143 0.1252236135957066
33 0.12410714285714286 0.22361359570661896 0.14821428571428572 0.1037567084078712
33 0.6348214285714285 0.7370304114490162 0.14107142857142857 0.1073345259391771
38 0.9098214285714286 0.7280858676207513 0.05892857142857143 0.1001788908765653
38 0.4294642857142857 0.22182468694096602 0.060714285714285714 0.09660107334525939
40 0.7098214285714286 0.17769230769230768 0.12857142857142856 0.20930232558139536
45 0.4165714285714286 0.705134168157424 0.060714285714285714 0.11985688729874776
71 0.80325 0.1952593917710197 0.049053571428571426 0.14722719141323792