55 0.16607142857142856 0.17620751341681573 0.18214285714285713 0.16994633273703041
67 0.33839285714285716 0.17889087656529518 0.17142857142857143 0.18246869409660108
67 0.7901785714285714 0.6583184257602862 0.1875 0.13953488372093023
33 0.6169642857142857 0.7119856887298748 0.17142857142857143 0.12701252236135957
20 0.9196428571428571 0.6189624329159212 0.060714285714285714 0.10554561717352415
99 0.11964285714285715 0.3112701252236136 0.07321428571428572 0.14669051878354203
101 0.3964285714285714 0.6574239713774598 0.06428571428571428 0.08944543828264759
46 0.20535714285714285 0.6726296958855098 0.2892857142857143 0.11091234347048301
45 0.8151785714285714 0.2146690518783542 0.07321428571428572 0.11806797853309481
42 0.20357142857142857 0.6726296958855098 0.2910714285714286 0.11091234347048301
33 0.6991071428571428 0.20304114490161002 0.1625 0.15026833631484796