33 0.14732142857142858 0.6949910554561717 0.1375 0.12880143112701253
67 0.29642857142857143 0.7021466905187835 0.16071428571428573 0.1449016100178891
61 0.7446428571428572 0.738819320214669 0.2375 0.08407871198568873
55 0.6348214285714285 0.2146690518783542 0.1357142857142857 0.12880143112701253
67 0.7705357142857143 0.23076923076923078 0.1375 0.1413237924865832
67 0.3223214285714286 0.1735241502683363 0.15178571428571427 0.11627906976744186
33 0.18214285714285713 0.18336314847942756 0.13035714285714287 0.10196779964221825
38 0.41517857142857145 0.7012522361359571 0.060714285714285714 0.11806797853309481
38 0.8723214285714286 0.24150268336314848 0.060714285714285714 0.11449016100178891
59 0.8955357142857143 0.7379248658318426 0.05357142857142857 0.06440071556350627
38 0.4303571428571429 0.16636851520572452 0.05892857142857143 0.09481216457960644
55 0.6330357142857143 0.21288014311270126 0.1375 0.13059033989266547