46 0.7160714285714286 0.6949910554561717 0.225 0.1592128801431127
55 0.16964285714285715 0.19051878354203935 0.20714285714285716 0.148479427549195
67 0.35714285714285715 0.18246869409660108 0.16785714285714284 0.15742397137745975
33 0.6258928571428571 0.20304114490161002 0.12678571428571428 0.08944543828264759
67 0.7633928571428571 0.20572450805008943 0.14642857142857144 0.10196779964221825
67 0.25892857142857145 0.6985688729874776 0.11071428571428571 0.09660107334525939
33 0.15714285714285714 0.6887298747763864 0.09285714285714286 0.07871198568872988
52 0.8803571428571428 0.684257602862254 0.05178571428571429 0.11985688729874776
17 0.3419642857142857 0.7039355992844365 0.044642857142857144 0.06976744186046512
43 0.8794642857142857 0.21198568872987478 0.05357142857142857 0.08407871198568873
59 0.12410714285714286 0.315742397137746 0.0875 0.12164579606440072
99 0.12232142857142857 0.3148479427549195 0.08214285714285714 0.12343470483005367