40 0.7053571428571429 0.22093023255813954 0.16607142857142856 0.148479427549195
100 0.20267857142857143 0.6538461538461539 0.25892857142857145 0.11985688729874776
67 0.7848214285714286 0.682468694096601 0.1767857142857143 0.148479427549195
33 0.6223214285714286 0.6833631484794276 0.14464285714285716 0.12343470483005367
23 0.12857142857142856 0.20661896243291591 0.10892857142857143 0.14311270125223613
67 0.2571428571428571 0.18694096601073346 0.15357142857142858 0.14669051878354203
38 0.9160714285714285 0.6815742397137746 0.060714285714285714 0.11449016100178891
59 0.8339285714285715 0.22450805008944544 0.05 0.09481216457960644
43 0.39017857142857143 0.6520572450805009 0.055357142857142855 0.08944543828264759
20 0.36875 0.1744186046511628 0.06607142857142857 0.11270125223613596
25 0.36964285714285716 0.1735241502683363 0.06607142857142857 0.11270125223613596