67 0.7803571428571429 0.723613595706619 0.14821428571428572 0.13595706618962433
33 0.6133928571428572 0.17531305903398928 0.12857142857142856 0.12701252236135957
67 0.7571428571428571 0.22361359570661896 0.15714285714285714 0.1556350626118068
67 0.29732142857142857 0.18246869409660108 0.1625 0.09660107334525939
33 0.14107142857142857 0.21914132379248658 0.15 0.09481216457960644
33 0.6464285714285715 0.7298747763864043 0.12142857142857143 0.11449016100178891
45 0.8794642857142857 0.259391771019678 0.07142857142857142 0.11627906976744186
97 0.3026785714285714 0.6815742397137746 0.21428571428571427 0.13595706618962433
41 0.8875 0.7164579606440071 0.055357142857142855 0.10554561717352415
10 0.15535714285714286 0.7942754919499105 0.05892857142857143 0.09838998211091235
41 0.4232142857142857 0.148479427549195 0.05 0.08050089445438283