67 0.2955357142857143 0.7039355992844365 0.1732142857142857 0.16100178890876565
67 0.75625 0.7039355992844365 0.11071428571428571 0.09123434704830054
33 0.13482142857142856 0.6851520572450805 0.14642857142857144 0.13416815742397137
100 0.20625 0.17978533094812166 0.23214285714285715 0.13237924865831843
67 0.7678571428571429 0.23434704830053668 0.14642857142857144 0.11627906976744186
33 0.6544642857142857 0.7012522361359571 0.09464285714285714 0.08228980322003578
23 0.6482142857142857 0.18336314847942756 0.09285714285714286 0.10554561717352415
59 0.35714285714285715 0.1592128801431127 0.0625 0.07692307692307693
41 0.8392857142857143 0.7021466905187835 0.04285714285714286 0.07334525939177101
38 0.8767857142857143 0.2701252236135957 0.055357142857142855 0.09481216457960644
101 0.8767857142857143 0.26833631484794274 0.055357142857142855 0.08944543828264759
41 0.43239285714285713 0.7155635062611807 0.05867857142857143 0.13289803220035779