67 0.7848214285714286 0.7012522361359571 0.1625 0.16815742397137745
33 0.6303571428571428 0.6967799642218246 0.14642857142857144 0.13953488372093023
67 0.3107142857142857 0.20572450805008943 0.17857142857142858 0.16636851520572452
33 0.14642857142857144 0.20572450805008943 0.15 0.13953488372093023
33 0.6151785714285715 0.16547406082289803 0.125 0.11985688729874776
67 0.7544642857142857 0.2039355992844365 0.15178571428571427 0.14669051878354203
18 0.2080357142857143 0.6717352415026834 0.18928571428571428 0.12880143112701253
20 0.8660714285714286 0.23076923076923078 0.0625 0.1001788908765653
41 0.9107142857142857 0.6994633273703041 0.0625 0.11985688729874776
59 0.3410714285714286 0.627906976744186 0.06964285714285715 0.09302325581395349
38 0.44285714285714284 0.20304114490161002 0.07142857142857142 0.13774597495527727