67 0.7785714285714286 0.19588550983899822 0.15892857142857142 0.16279069767441862
67 0.2883928571428571 0.6949910554561717 0.16964285714285715 0.17889087656529518
67 0.27053571428571427 0.2334525939177102 0.16071428571428573 0.16100178890876565
67 0.7776785714285714 0.6940966010733453 0.15 0.11627906976744186
33 0.6303571428571428 0.20661896243291591 0.1375 0.13774597495527727
33 0.13839285714285715 0.6305903398926654 0.1357142857142857 0.15026833631484796
33 0.12410714285714286 0.1815742397137746 0.12321428571428572 0.13595706618962433
33 0.6348214285714285 0.6905187835420393 0.13035714285714287 0.10196779964221825
38 0.89375 0.6923076923076923 0.055357142857142855 0.08765652951699464
11 0.89375 0.1851520572450805 0.05892857142857143 0.12343470483005367
53 0.4142857142857143 0.7415026833631485 0.07142857142857142 0.11627906976744186
45 0.3919642857142857 0.2629695885509839 0.07321428571428572 0.11806797853309481