47 0.18482142857142858 0.6788908765652951 0.15178571428571427 0.11091234347048301
62 0.32767857142857143 0.6744186046511628 0.048214285714285716 0.09660107334525939
40 0.6848214285714286 0.6511627906976745 0.26607142857142857 0.148479427549195
67 0.2830357142857143 0.23255813953488372 0.10178571428571428 0.12164579606440072
33 0.6258928571428571 0.19946332737030412 0.15178571428571427 0.1449016100178891
67 0.7883928571428571 0.2075134168157424 0.17142857142857143 0.16815742397137745
85 0.18392857142857144 0.23524150268336314 0.09107142857142857 0.11270125223613596
59 0.8767857142857143 0.6422182468694096 0.06785714285714285 0.09123434704830054
20 0.375 0.23166368515205724 0.03571428571428571 0.09838998211091235
38 0.9151785714285714 0.20572450805008943 0.06964285714285715 0.13953488372093023
32 0.37589285714285714 0.23255813953488372 0.03571428571428571 0.09838998211091235