55 0.15 0.6896243291592129 0.14642857142857144 0.13237924865831843
67 0.3125 0.19588550983899822 0.18214285714285713 0.1592128801431127
67 0.7910714285714285 0.6967799642218246 0.19285714285714287 0.18246869409660108
67 0.29285714285714287 0.6905187835420393 0.14464285714285716 0.13953488372093023
67 0.7866071428571428 0.20304114490161002 0.17142857142857143 0.16279069767441862
33 0.61875 0.6574239713774598 0.15 0.1592128801431127
33 0.6276785714285714 0.20125223613595708 0.15 0.13774597495527727
33 0.1392857142857143 0.22808586762075134 0.15892857142857142 0.13416815742397137
38 0.44107142857142856 0.17262969588550983 0.06785714285714285 0.12880143112701253
38 0.9258928571428572 0.721824686940966 0.05714285714285714 0.13774597495527727
38 0.9107142857142857 0.20930232558139536 0.06964285714285715 0.13059033989266547
38 0.3991071428571429 0.6923076923076923 0.060714285714285714 0.11985688729874776
45 0.3991071428571429 0.6914132379248659 0.060714285714285714 0.11806797853309481