23 0.6241071428571429 0.6869409660107334 0.09821428571428571 0.15026833631484796
67 0.7410714285714286 0.6887298747763864 0.1392857142857143 0.148479427549195
67 0.3 0.19856887298747763 0.16428571428571428 0.1556350626118068
33 0.14732142857142858 0.19856887298747763 0.1392857142857143 0.12701252236135957
33 0.16607142857142856 0.644901610017889 0.16428571428571428 0.1449016100178891
67 0.325 0.6457960644007156 0.15714285714285714 0.16636851520572452
67 0.7776785714285714 0.2110912343470483 0.12857142857142856 0.09481216457960644
99 0.4330357142857143 0.6350626118067979 0.07678571428571429 0.16100178890876565
31 0.8705357142857143 0.6887298747763864 0.0625 0.11985688729874776
33 0.6553571428571429 0.22271914132379247 0.11607142857142858 0.08407871198568873
38 0.42410714285714285 0.19856887298747763 0.0625 0.12164579606440072
43 0.8883928571428571 0.20661896243291591 0.05357142857142857 0.08228980322003578