85 0.6169642857142857 0.6636851520572451 0.1125 0.08407871198568873
67 0.78125 0.21914132379248658 0.15178571428571427 0.148479427549195
33 0.13392857142857142 0.2039355992844365 0.15357142857142858 0.13774597495527727
33 0.6401785714285714 0.21377459749552774 0.13035714285714287 0.12701252236135957
67 0.3 0.2039355992844365 0.1767857142857143 0.15742397137745975
67 0.7535714285714286 0.6592128801431127 0.15178571428571427 0.08765652951699464
41 0.43125 0.19946332737030412 0.06964285714285715 0.12343470483005367
38 0.8946428571428572 0.21645796064400716 0.05714285714285714 0.11449016100178891
59 0.8830357142857143 0.6663685152057245 0.05714285714285714 0.06440071556350627
59 0.3723214285714286 0.6967799642218246 0.05892857142857143 0.08944543828264759
65 0.20625 0.6601073345259392 0.23392857142857143 0.14669051878354203