91 0.7116071428571429 0.1815742397137746 0.18928571428571428 0.13774597495527727
67 0.2857142857142857 0.22719141323792486 0.16785714285714284 0.1556350626118068
67 0.7794642857142857 0.7057245080500895 0.18035714285714285 0.18246869409660108
62 0.8589285714285714 0.1887298747763864 0.04642857142857143 0.09481216457960644
33 0.6160714285714286 0.6413237924865832 0.14464285714285716 0.14311270125223613
67 0.29285714285714287 0.7361359570661896 0.13214285714285715 0.11806797853309481
23 0.14732142857142858 0.22898032200357782 0.10892857142857143 0.15742397137745975
33 0.16875 0.7021466905187835 0.1125 0.1037567084078712
62 0.40714285714285714 0.2182468694096601 0.06607142857142857 0.12701252236135957
38 0.3919642857142857 0.7602862254025045 0.05178571428571429 0.08228980322003578
38 0.9125 0.7665474060822898 0.07142857142857142 0.11985688729874776