67 0.30714285714285716 0.6708407871198568 0.16964285714285715 0.17173524150268335
33 0.15089285714285713 0.6878354203935599 0.14464285714285716 0.14311270125223613
33 0.6267857142857143 0.6878354203935599 0.1357142857142857 0.12701252236135957
67 0.7785714285714286 0.6976744186046512 0.1625 0.15026833631484796
67 0.2875 0.1806797853309481 0.15178571428571427 0.15384615384615385
33 0.14732142857142858 0.1413237924865832 0.1375 0.13774597495527727
43 0.8446428571428571 0.18246869409660108 0.044642857142857144 0.08050089445438283
41 0.41160714285714284 0.20840787119856888 0.07142857142857142 0.1252236135957066
38 0.9 0.6940966010733453 0.05892857142857143 0.11627906976744186
38 0.4294642857142857 0.6592128801431127 0.0625 0.13059033989266547
100 0.7151785714285714 0.16636851520572452 0.19107142857142856 0.12164579606440072