36 0.66875 0.16279069767441862 0.23392857142857143 0.12343470483005367
55 0.14375 0.6967799642218246 0.14285714285714285 0.11627906976744186
67 0.2910714285714286 0.21645796064400716 0.18035714285714285 0.1556350626118068
67 0.7875 0.684257602862254 0.1732142857142857 0.16279069767441862
33 0.12142857142857143 0.2101967799642218 0.15535714285714286 0.12343470483005367
33 0.6294642857142857 0.6574239713774598 0.14107142857142857 0.13953488372093023
67 0.2875 0.6923076923076923 0.14464285714285716 0.12701252236135957
38 0.4303571428571429 0.21288014311270126 0.06607142857142857 0.11806797853309481
99 0.39464285714285713 0.684257602862254 0.05714285714285714 0.1037567084078712
43 0.8276785714285714 0.14579606440071557 0.060714285714285714 0.09838998211091235
20 0.9214285714285714 0.7012522361359571 0.06428571428571428 0.12343470483005367