67 0.29642857142857143 0.7048300536672629 0.17857142857142858 0.17889087656529518
67 0.3 0.19946332737030412 0.175 0.1735241502683363
99 0.8151785714285714 0.6914132379248659 0.04107142857142857 0.10554561717352415
33 0.13660714285714284 0.20214669051878353 0.14821428571428572 0.13416815742397137
33 0.13125 0.6404293381037567 0.14821428571428572 0.148479427549195
67 0.7758928571428572 0.1735241502683363 0.10357142857142858 0.09123434704830054
33 0.6776785714285715 0.2039355992844365 0.09285714285714286 0.08050089445438283
38 0.42857142857142855 0.1967799642218247 0.06785714285714285 0.12880143112701253
38 0.42857142857142855 0.7674418604651163 0.06964285714285715 0.11806797853309481
38 0.8544642857142857 0.15026833631484796 0.039285714285714285 0.07155635062611806
87 0.6910714285714286 0.6932021466905188 0.1625 0.11985688729874776