58 0.7410714285714286 0.22719141323792486 0.1125 0.1967799642218247
67 0.27232142857142855 0.19588550983899822 0.06428571428571428 0.11091234347048301
11 0.8357142857142857 0.2262969588550984 0.04642857142857143 0.12880143112701253
67 0.7785714285714286 0.7030411449016101 0.15535714285714286 0.13774597495527727
85 0.21428571428571427 0.19767441860465115 0.05357142857142857 0.10912343470483005
33 0.6330357142857143 0.7048300536672629 0.1357142857142857 0.11806797853309481
33 0.18392857142857144 0.6717352415026834 0.06785714285714285 0.09123434704830054
67 0.25535714285714284 0.6735241502683363 0.07321428571428572 0.10196779964221825
38 0.8919642857142858 0.6994633273703041 0.0625 0.10554561717352415
20 0.3294642857142857 0.1967799642218247 0.03214285714285714 0.10554561717352415
38 0.3053571428571429 0.6627906976744186 0.03571428571428571 0.08050089445438283