67 0.7857142857142857 0.6878354203935599 0.16964285714285715 0.1556350626118068
67 0.78125 0.2146690518783542 0.17142857142857143 0.16279069767441862
33 0.6276785714285714 0.686046511627907 0.14464285714285716 0.12701252236135957
33 0.61875 0.21288014311270126 0.14821428571428572 0.13237924865831843
67 0.2883928571428571 0.20661896243291591 0.16428571428571428 0.12880143112701253
33 0.1357142857142857 0.1967799642218247 0.14107142857142857 0.11270125223613596
67 0.30357142857142855 0.6788908765652951 0.16964285714285715 0.1449016100178891
41 0.4125 0.21288014311270126 0.0625 0.09660107334525939
33 0.14732142857142858 0.682468694096601 0.14285714285714285 0.12701252236135957
20 0.9089285714285714 0.2101967799642218 0.060714285714285714 0.11806797853309481
38 0.9116071428571428 0.684257602862254 0.060714285714285714 0.11806797853309481
38 0.425 0.6744186046511628 0.06964285714285715 0.11449016100178891