33 0.6178571428571429 0.6762075134168157 0.1375 0.12880143112701253
67 0.7705357142857143 0.6788908765652951 0.16607142857142856 0.15384615384615385
67 0.29642857142857143 0.23166368515205724 0.1375 0.13059033989266547
41 0.8964285714285715 0.6788908765652951 0.06428571428571428 0.12164579606440072
67 0.3169642857142857 0.6547406082289803 0.1767857142857143 0.14669051878354203
33 0.14107142857142857 0.7128801431127012 0.16607142857142856 0.14311270125223613
33 0.1625 0.24686940966010734 0.13035714285714287 0.11627906976744186
33 0.70625 0.21556350626118068 0.1625 0.148479427549195
11 0.39375 0.2182468694096601 0.05178571428571429 0.10196779964221825
101 0.8366071428571429 0.27280858676207514 0.08214285714285714 0.13237924865831843
38 0.4446428571428571 0.6046511627906976 0.07142857142857142 0.11627906976744186
20 0.39375 0.2182468694096601 0.05178571428571429 0.1001788908765653