67 0.7785714285714286 0.20572450805008943 0.16428571428571428 0.15384615384615385
67 0.31607142857142856 0.19499105545617174 0.175 0.148479427549195
33 0.625 0.6475849731663685 0.14285714285714285 0.13953488372093023
67 0.7794642857142857 0.6592128801431127 0.16785714285714284 0.17173524150268335
33 0.6267857142857143 0.1967799642218247 0.13392857142857142 0.12164579606440072
33 0.14821428571428572 0.21645796064400716 0.15714285714285714 0.11985688729874776
20 0.9017857142857143 0.20840787119856888 0.05892857142857143 0.11091234347048301
41 0.9044642857142857 0.6547406082289803 0.0625 0.12880143112701253
17 0.45 0.1779964221824687 0.06607142857142857 0.11985688729874776
43 0.30625 0.6216457960644007 0.05892857142857143 0.06440071556350627
102 0.21160714285714285 0.7021466905187835 0.15535714285714286 0.1967799642218247