37 0.20714285714285716 0.16010733452593917 0.1375 0.11806797853309481
67 0.3 0.6744186046511628 0.15892857142857142 0.14311270125223613
67 0.7767857142857143 0.6869409660107334 0.18035714285714285 0.1556350626118068
67 0.8258928571428571 0.17978533094812166 0.16071428571428573 0.13774597495527727
33 0.6098214285714286 0.6592128801431127 0.14821428571428572 0.1252236135957066
33 0.15089285714285713 0.6833631484794276 0.1375 0.11985688729874776
33 0.6669642857142857 0.17620751341681573 0.15357142857142858 0.13059033989266547
41 0.41964285714285715 0.6663685152057245 0.060714285714285714 0.10554561717352415
32 0.6151785714285715 0.3094812164579606 0.07321428571428572 0.11627906976744186
38 0.9133928571428571 0.6985688729874776 0.06785714285714285 0.11270125223613596
43 0.32142857142857145 0.17978533094812166 0.04107142857142857 0.08228980322003578