29 0.7 0.18425760286225404 0.16785714285714284 0.11627906976744186
67 0.7901785714285714 0.6815742397137746 0.1732142857142857 0.16457960644007155
67 0.3053571428571429 0.6869409660107334 0.14107142857142857 0.12164579606440072
33 0.1732142857142857 0.6896243291592129 0.12321428571428572 0.10554561717352415
67 0.29285714285714287 0.1735241502683363 0.10535714285714286 0.08944543828264759
33 0.6276785714285714 0.6779964221824687 0.15 0.12343470483005367
38 0.9160714285714285 0.6833631484794276 0.060714285714285714 0.1252236135957066
33 0.19464285714285715 0.2039355992844365 0.09285714285714286 0.07871198568872988
43 0.8241071428571428 0.1806797853309481 0.0625 0.09302325581395349
38 0.40982142857142856 0.682468694096601 0.055357142857142855 0.09660107334525939
38 0.36875 0.1511627906976744 0.03571428571428571 0.06618962432915922