72 0.21339285714285713 0.629695885509839 0.08928571428571429 0.14669051878354203
47 0.6696428571428571 0.6788908765652951 0.15178571428571427 0.11091234347048301
62 0.8116071428571429 0.6753130590339893 0.048214285714285716 0.09481216457960644
67 0.7776785714285714 0.20214669051878353 0.16428571428571428 0.15384615384615385
33 0.6214285714285714 0.19946332737030412 0.14821428571428572 0.13237924865831843
67 0.2794642857142857 0.2075134168157424 0.13214285714285715 0.09481216457960644
33 0.15892857142857142 0.20840787119856888 0.11071428571428571 0.08944543828264759
43 0.37857142857142856 0.2101967799642218 0.05178571428571429 0.08228980322003578
101 0.29196428571428573 0.6377459749552773 0.033928571428571426 0.10554561717352415
103 0.9035714285714286 0.20483005366726298 0.10178571428571428 0.1449016100178891
103 0.9026785714285714 0.2039355992844365 0.1 0.14311270125223613
53 0.29196428571428573 0.6377459749552773 0.033928571428571426 0.10554561717352415