84 0.1982142857142857 0.16815742397137745 0.31785714285714284 0.16457960644007155
97 0.1357142857142857 0.6413237924865832 0.13392857142857142 0.09838998211091235
55 0.6535714285714286 0.7030411449016101 0.10892857142857143 0.14311270125223613
67 0.7580357142857143 0.6896243291592129 0.09821428571428571 0.15026833631484796
67 0.8008928571428572 0.19409660107334525 0.16964285714285715 0.16100178890876565
33 0.6392857142857142 0.18962432915921287 0.14821428571428572 0.1252236135957066
67 0.26339285714285715 0.6368515205724508 0.11964285714285715 0.1037567084078712
38 0.9258928571428572 0.19499105545617174 0.0625 0.12343470483005367
98 0.84375 0.6717352415026834 0.03571428571428571 0.148479427549195
43 0.40625 0.18425760286225404 0.055357142857142855 0.08765652951699464
59 0.3669642857142857 0.631484794275492 0.05892857142857143 0.07692307692307693