67 0.28660714285714284 0.2101967799642218 0.16785714285714284 0.16100178890876565
33 0.13214285714285715 0.20930232558139536 0.1392857142857143 0.12701252236135957
67 0.76875 0.21198568872987478 0.16607142857142856 0.15384615384615385
33 0.6142857142857143 0.21198568872987478 0.1375 0.1252236135957066
67 0.7946428571428571 0.6511627906976745 0.15714285714285714 0.13774597495527727
33 0.6357142857142857 0.686046511627907 0.16071428571428573 0.1252236135957066
53 0.9142857142857143 0.6305903398926654 0.06607142857142857 0.11270125223613596
38 0.41160714285714284 0.2101967799642218 0.0625 0.11806797853309481
38 0.8946428571428572 0.21198568872987478 0.06428571428571428 0.12343470483005367
99 0.3455357142857143 0.6896243291592129 0.060714285714285714 0.10554561717352415
40 0.225 0.7128801431127012 0.18571428571428572 0.13953488372093023
31 0.3455357142857143 0.6887298747763864 0.05892857142857143 0.10196779964221825