67 0.30089285714285713 0.6744186046511628 0.16964285714285715 0.14669051878354203
67 0.7571428571428571 0.6440071556350626 0.13392857142857142 0.11449016100178891
33 0.14017857142857143 0.6905187835420393 0.14642857142857144 0.11806797853309481
33 0.61875 0.2003577817531306 0.14285714285714285 0.13595706618962433
67 0.29732142857142857 0.23076923076923078 0.15 0.11806797853309481
67 0.7696428571428572 0.19856887298747763 0.15892857142857142 0.16636851520572452
33 0.6276785714285714 0.6654740608228981 0.125 0.1073345259391771
33 0.15982142857142856 0.22271914132379247 0.12678571428571428 0.10196779964221825
41 0.4303571428571429 0.6610017889087657 0.0625 0.11091234347048301
38 0.8857142857142857 0.19588550983899822 0.075 0.12343470483005367
38 0.8535714285714285 0.627906976744186 0.05 0.08765652951699464
38 0.40714285714285714 0.23524150268336314 0.05714285714285714 0.08944543828264759