97 0.24107142857142858 0.6601073345259392 0.12857142857142856 0.10554561717352415
55 0.6419642857142858 0.1806797853309481 0.12142857142857143 0.08586762075134168
33 0.625 0.6788908765652951 0.14107142857142857 0.12880143112701253
20 0.9116071428571428 0.6404293381037567 0.05892857142857143 0.11806797853309481
67 0.7848214285714286 0.6610017889087657 0.175 0.15384615384615385
67 0.2955357142857143 0.19051878354203935 0.1732142857142857 0.1556350626118068
33 0.13392857142857142 0.20572450805008943 0.14821428571428572 0.12880143112701253
67 0.7633928571428571 0.16547406082289803 0.11964285714285715 0.08228980322003578
53 0.425 0.1779964221824687 0.06785714285714285 0.11985688729874776
59 0.8616071428571429 0.16100178890876565 0.048214285714285716 0.06082289803220036
43 0.3392857142857143 0.6618962432915921 0.05357142857142857 0.09302325581395349