25 0.7714285714285715 0.19230769230769232 0.04642857142857143 0.08586762075134168
33 0.6491071428571429 0.1967799642218247 0.12678571428571428 0.1037567084078712
67 0.2955357142857143 0.7030411449016101 0.175 0.16636851520572452
67 0.7973214285714286 0.6788908765652951 0.14107142857142857 0.12880143112701253
33 0.13303571428571428 0.684257602862254 0.14642857142857144 0.1413237924865832
41 0.90625 0.6967799642218246 0.05178571428571429 0.09302325581395349
33 0.6660714285714285 0.6610017889087657 0.12142857142857143 0.10912343470483005
101 0.4304464285714286 0.7164579606440071 0.06964285714285715 0.1252236135957066
23 0.13285714285714287 0.29107334525939177 0.06651785714285714 0.10828264758497316
67 0.20589285714285713 0.28948121645796066 0.08903571428571429 0.11465116279069767
10 0.2820714285714286 0.2976386404293381 0.047785714285714286 0.11742397137745975