67 0.3 0.6887298747763864 0.1375 0.13059033989266547
67 0.2982142857142857 0.1547406082289803 0.15714285714285714 0.15026833631484796
33 0.6678571428571428 0.6708407871198568 0.10535714285714286 0.10196779964221825
67 0.78125 0.6914132379248659 0.12321428571428572 0.1252236135957066
41 0.8758928571428571 0.7066189624329159 0.048214285714285716 0.08944543828264759
33 0.15178571428571427 0.167262969588551 0.1375 0.13416815742397137
33 0.1767857142857143 0.6627906976744186 0.10892857142857143 0.10554561717352415
38 0.40089285714285716 0.7101967799642218 0.05178571428571429 0.09123434704830054
72 0.7223214285714286 0.17262969588550983 0.12857142857142856 0.09660107334525939
59 0.8214285714285714 0.15026833631484796 0.05714285714285714 0.07692307692307693
64 0.7214285714285714 0.1708407871198569 0.13035714285714287 0.1001788908765653
41 0.4125 0.13416815742397137 0.05357142857142857 0.11270125223613596
101 0.41160714285714284 0.13327370304114491 0.05357142857142857 0.11985688729874776