18 0.21964285714285714 0.6762075134168157 0.1732142857142857 0.11449016100178891
67 0.7803571428571429 0.16994633273703041 0.17142857142857143 0.1806797853309481
33 0.6294642857142857 0.16368515205724507 0.12857142857142856 0.13595706618962433
67 0.7776785714285714 0.6896243291592129 0.16607142857142856 0.148479427549195
67 0.29642857142857143 0.18425760286225404 0.17142857142857143 0.14311270125223613
33 0.6276785714285714 0.6806797853309481 0.1392857142857143 0.13059033989266547
33 0.13660714285714284 0.19856887298747763 0.14464285714285716 0.11627906976744186
38 0.8991071428571429 0.6914132379248659 0.05892857142857143 0.12164579606440072
38 0.4232142857142857 0.1771019677996422 0.06428571428571428 0.10554561717352415
43 0.3517857142857143 0.6457960644007156 0.06428571428571428 0.09302325581395349
41 0.9107142857142857 0.1708407871198569 0.06785714285714285 0.13953488372093023