44 0.7026785714285714 0.6654740608228981 0.16785714285714284 0.12343470483005367
67 0.30089285714285713 0.1967799642218247 0.18214285714285713 0.15742397137745975
17 0.36607142857142855 0.7048300536672629 0.05 0.07692307692307693
67 0.26339285714285715 0.7048300536672629 0.1357142857142857 0.1073345259391771
33 0.12857142857142856 0.21735241502683364 0.15892857142857142 0.12343470483005367
67 0.7705357142857143 0.18336314847942756 0.16607142857142856 0.1520572450805009
33 0.13839285714285715 0.6958855098389982 0.11428571428571428 0.08944543828264759
33 0.6133928571428572 0.19230769230769232 0.14285714285714285 0.12343470483005367
38 0.43660714285714286 0.1815742397137746 0.06785714285714285 0.12164579606440072
38 0.8919642857142858 0.17531305903398928 0.06607142857142857 0.11985688729874776
43 0.8321428571428572 0.6753130590339893 0.05 0.08765652951699464