88 0.18660714285714286 0.19409660107334525 0.25357142857142856 0.13237924865831843
67 0.7866071428571428 0.1887298747763864 0.15892857142857142 0.15026833631484796
67 0.7883928571428571 0.6914132379248659 0.1732142857142857 0.16100178890876565
33 0.6357142857142857 0.2182468694096601 0.1392857142857143 0.1252236135957066
33 0.6232142857142857 0.6815742397137746 0.15892857142857142 0.1449016100178891
67 0.28035714285714286 0.7066189624329159 0.1 0.08228980322003578
31 0.3830357142857143 0.2003577817531306 0.08214285714285714 0.11270125223613596
33 0.1875 0.7370304114490162 0.08392857142857142 0.06976744186046512
38 0.35267857142857145 0.6833631484794276 0.03571428571428571 0.057245080500894455
38 0.9169642857142857 0.7110912343470484 0.06785714285714285 0.11806797853309481
45 0.9026785714285714 0.17262969588550983 0.06428571428571428 0.11449016100178891