16 0.1669642857142857 0.6887298747763864 0.1982142857142857 0.15742397137745975
37 0.6964285714285714 0.16100178890876565 0.1767857142857143 0.13953488372093023
33 0.1419642857142857 0.19946332737030412 0.14285714285714285 0.13059033989266547
67 0.3517857142857143 0.7021466905187835 0.17142857142857143 0.15742397137745975
67 0.30089285714285713 0.2039355992844365 0.17142857142857143 0.1556350626118068
33 0.6205357142857143 0.6699463327370304 0.14285714285714285 0.13774597495527727
67 0.7776785714285714 0.6923076923076923 0.17142857142857143 0.16636851520572452
43 0.10982142857142857 0.8291592128801432 0.08571428571428572 0.13416815742397137
38 0.4294642857142857 0.19767441860465115 0.06428571428571428 0.12164579606440072
43 0.8339285714285715 0.16100178890876565 0.05714285714285714 0.10196779964221825
38 0.9080357142857143 0.7066189624329159 0.06428571428571428 0.11627906976744186