67 0.29464285714285715 0.6779964221824687 0.16964285714285715 0.1735241502683363
33 0.625 0.20661896243291591 0.14821428571428572 0.13774597495527727
67 0.7883928571428571 0.20483005366726298 0.1732142857142857 0.1771019677996422
33 0.13660714285714284 0.6735241502683363 0.14464285714285716 0.13953488372093023
67 0.7723214285714286 0.6762075134168157 0.14642857142857144 0.13416815742397137
33 0.14375 0.1547406082289803 0.14464285714285716 0.15026833631484796
67 0.3098214285714286 0.19767441860465115 0.1875 0.18604651162790697
33 0.6294642857142857 0.7012522361359571 0.14107142857142857 0.11985688729874776
38 0.42142857142857143 0.6779964221824687 0.06428571428571428 0.13237924865831843
71 0.8723214285714286 0.6618962432915921 0.05714285714285714 0.10554561717352415
38 0.9169642857142857 0.20214669051878353 0.06607142857142857 0.13059033989266547
31 0.44821428571428573 0.22898032200357782 0.075 0.13059033989266547
17 0.4473214285714286 0.22898032200357782 0.075 0.13237924865831843