27 0.6901785714285714 0.629695885509839 0.3196428571428571 0.18246869409660108
55 0.12767857142857142 0.19320214669051877 0.14285714285714285 0.14311270125223613
67 0.27589285714285716 0.22808586762075134 0.15535714285714286 0.1556350626118068
67 0.7830357142857143 0.21288014311270126 0.1767857142857143 0.15384615384615385
67 0.2875 0.6923076923076923 0.1767857142857143 0.15026833631484796
33 0.61875 0.2075134168157424 0.14642857142857144 0.12343470483005367
41 0.9178571428571428 0.21288014311270126 0.06428571428571428 0.11449016100178891
33 0.12767857142857142 0.6815742397137746 0.1392857142857143 0.11627906976744186
11 0.39464285714285713 0.24597495527728086 0.05892857142857143 0.11449016100178891
99 0.42232142857142857 0.6869409660107334 0.06428571428571428 0.12343470483005367
59 0.9008928571428572 0.5822898032200358 0.07142857142857142 0.10912343470483005