40 0.6982142857142857 0.1779964221824687 0.21785714285714286 0.13774597495527727
67 0.2955357142857143 0.20840787119856888 0.16428571428571428 0.16457960644007155
33 0.15089285714285713 0.7155635062611807 0.12678571428571428 0.11806797853309481
50 0.7303571428571428 0.7003577817531306 0.28035714285714286 0.13059033989266547
33 0.14285714285714285 0.2110912343470483 0.1375 0.13059033989266547
67 0.29017857142857145 0.7066189624329159 0.14821428571428572 0.14311270125223613
43 0.6160714285714286 0.8273703041144902 0.06964285714285715 0.09838998211091235
38 0.3964285714285714 0.6949910554561717 0.05714285714285714 0.11806797853309481
43 0.8571428571428571 0.1779964221824687 0.05178571428571429 0.09838998211091235
17 0.4205357142857143 0.1967799642218247 0.06607142857142857 0.12880143112701253
31 0.42142857142857143 0.19588550983899822 0.06785714285714285 0.13059033989266547