46 0.7205357142857143 0.1520572450805009 0.2857142857142857 0.11449016100178891
67 0.7767857142857143 0.6878354203935599 0.175 0.17531305903398928
33 0.6142857142857143 0.6699463327370304 0.14285714285714285 0.13595706618962433
67 0.2982142857142857 0.7048300536672629 0.1375 0.16279069767441862
33 0.16428571428571428 0.22808586762075134 0.11071428571428571 0.1252236135957066
67 0.2839285714285714 0.23792486583184258 0.13392857142857142 0.13774597495527727
38 0.9133928571428571 0.6967799642218246 0.06785714285714285 0.12880143112701253
33 0.16517857142857142 0.7003577817531306 0.13214285714285715 0.148479427549195
99 0.37410714285714286 0.23166368515205724 0.05357142857142857 0.11627906976744186
99 0.39285714285714285 0.6976744186046512 0.05 0.13416815742397137
55 0.16607142857142856 0.6976744186046512 0.12857142857142856 0.14669051878354203
101 0.9221964285714285 0.15461538461538463 0.07908928571428571 0.10989266547406082