55 0.20089285714285715 0.6708407871198568 0.17857142857142858 0.16636851520572452
67 0.7758928571428572 0.7075134168157424 0.16071428571428573 0.14669051878354203
67 0.29642857142857143 0.19499105545617174 0.16071428571428573 0.1520572450805009
33 0.6258928571428571 0.7030411449016101 0.1375 0.11806797853309481
33 0.14375 0.20483005366726298 0.14107142857142857 0.13059033989266547
67 0.75625 0.19230769230769232 0.16607142857142856 0.16457960644007155
67 0.36160714285714285 0.6547406082289803 0.15 0.18246869409660108
33 0.6017857142857143 0.22540250447227192 0.15 0.13237924865831843
38 0.8964285714285715 0.7101967799642218 0.060714285714285714 0.11270125223613596
99 0.13482142857142856 0.830948121645796 0.06428571428571428 0.18246869409660108
62 0.8776785714285714 0.1708407871198569 0.07857142857142857 0.13595706618962433
48 0.8776785714285714 0.1708407871198569 0.08035714285714286 0.13595706618962433
41 0.41785714285714287 0.18425760286225404 0.06428571428571428 0.11806797853309481