85 0.6571428571428571 0.20304114490161002 0.07142857142857142 0.10196779964221825
67 0.7321428571428571 0.20572450805008943 0.08214285714285714 0.11091234347048301
67 0.3026785714285714 0.6905187835420393 0.14821428571428572 0.12164579606440072
67 0.7910714285714285 0.7093023255813954 0.14107142857142857 0.11270125223613596
20 0.8026785714285715 0.20125223613595708 0.033928571428571426 0.08944543828264759
33 0.16339285714285715 0.6958855098389982 0.13214285714285715 0.10912343470483005
67 0.3026785714285714 0.1744186046511628 0.1875 0.16457960644007155
33 0.12589285714285714 0.2101967799642218 0.1767857142857143 0.1556350626118068
33 0.6598214285714286 0.7110912343470484 0.12142857142857143 0.1001788908765653
38 0.41160714285714284 0.686046511627907 0.055357142857142855 0.09660107334525939
38 0.4375 0.15295169946332737 0.06964285714285715 0.13059033989266547
48 0.8955357142857143 0.7057245080500895 0.05357142857142857 0.08586762075134168