76 0.20089285714285715 0.6735241502683363 0.16785714285714284 0.11091234347048301
67 0.29464285714285715 0.20572450805008943 0.1732142857142857 0.1771019677996422
67 0.7678571428571429 0.667262969588551 0.14642857142857144 0.13953488372093023
33 0.13660714285714284 0.2003577817531306 0.14285714285714285 0.14669051878354203
33 0.61875 0.7227191413237924 0.14821428571428572 0.13237924865831843
38 0.4232142857142857 0.20125223613595708 0.06428571428571428 0.13774597495527727
43 0.3267857142857143 0.6654740608228981 0.048214285714285716 0.07513416815742398
45 0.8714285714285714 0.6341681574239714 0.06428571428571428 0.1073345259391771
99 0.8714285714285714 0.6341681574239714 0.06428571428571428 0.11091234347048301
40 0.6989821428571429 0.21593917710196778 0.32142857142857145 0.1405545617173524
101 0.9043392857142857 0.21593917710196778 0.08417857142857144 0.1405545617173524