37 0.68125 0.1851520572450805 0.18928571428571428 0.15742397137745975
10 0.37410714285714286 0.2298747763864043 0.06428571428571428 0.09481216457960644
55 0.6473214285714286 0.6574239713774598 0.19464285714285715 0.1771019677996422
67 0.2544642857142857 0.20572450805008943 0.15 0.12701252236135957
67 0.8348214285714286 0.6735241502683363 0.18571428571428572 0.1967799642218247
23 0.12857142857142856 0.1771019677996422 0.09285714285714286 0.11270125223613596
67 0.30357142857142855 0.6610017889087657 0.18928571428571428 0.16636851520572452
45 0.8276785714285714 0.15831842576028624 0.08214285714285714 0.11627906976744186
33 0.125 0.6914132379248659 0.18035714285714285 0.15026833631484796
99 0.5839285714285715 0.7933810375670841 0.06785714285714285 0.1520572450805009
38 0.43839285714285714 0.6404293381037567 0.075 0.13953488372093023