91 0.70625 0.6565295169946332 0.2375 0.11627906976744186
67 0.2883928571428571 0.6851520572450805 0.16607142857142856 0.1556350626118068
67 0.78125 0.2110912343470483 0.16428571428571428 0.15384615384615385
67 0.2732142857142857 0.19499105545617174 0.15892857142857142 0.16100178890876565
33 0.13392857142857142 0.6762075134168157 0.1375 0.12701252236135957
33 0.12589285714285714 0.20661896243291591 0.1357142857142857 0.13416815742397137
33 0.6267857142857143 0.2110912343470483 0.14107142857142857 0.12880143112701253
41 0.41517857142857145 0.682468694096601 0.060714285714285714 0.12164579606440072
38 0.38839285714285715 0.18694096601073346 0.06428571428571428 0.12164579606440072
59 0.8741071428571429 0.6538461538461539 0.0625 0.08228980322003578
38 0.9008928571428572 0.2101967799642218 0.0625 0.11806797853309481