55 0.6473214285714286 0.23255813953488372 0.13214285714285715 0.1037567084078712
67 0.7616071428571428 0.6788908765652951 0.16071428571428573 0.1252236135957066
67 0.30178571428571427 0.6779964221824687 0.16785714285714284 0.1520572450805009
33 0.14642857142857144 0.7012522361359571 0.14464285714285716 0.1252236135957066
67 0.29285714285714287 0.20214669051878353 0.14464285714285716 0.13953488372093023
33 0.15803571428571428 0.17173524150268335 0.12321428571428572 0.11449016100178891
67 0.7785714285714286 0.22719141323792486 0.13035714285714287 0.11091234347048301
33 0.6107142857142858 0.6905187835420393 0.14107142857142857 0.1073345259391771
17 0.42589285714285713 0.6627906976744186 0.06785714285714285 0.11091234347048301
43 0.8758928571428571 0.22719141323792486 0.05892857142857143 0.09838998211091235
38 0.3991071428571429 0.22719141323792486 0.05714285714285714 0.09481216457960644
38 0.8776785714285714 0.6663685152057245 0.05892857142857143 0.09838998211091235