67 0.29017857142857145 0.6833631484794276 0.16428571428571428 0.15026833631484796
33 0.16607142857142856 0.20125223613595708 0.1125 0.12343470483005367
67 0.7589285714285714 0.17262969588550983 0.18392857142857144 0.11270125223613596
67 0.2892857142857143 0.2370304114490161 0.1392857142857143 0.148479427549195
33 0.59375 0.13774597495527727 0.14107142857142857 0.09481216457960644
33 0.1357142857142857 0.6815742397137746 0.1392857142857143 0.12701252236135957
38 0.4125 0.6806797853309481 0.0625 0.12164579606440072
95 0.7464285714285714 0.6788908765652951 0.125 0.15026833631484796
38 0.39017857142857143 0.26744186046511625 0.05714285714285714 0.10554561717352415
48 0.8383928571428572 0.6851520572450805 0.04107142857142857 0.11270125223613596
38 0.8973214285714286 0.19409660107334525 0.06964285714285715 0.06797853309481217