85 0.14375 0.6529516994633273 0.15357142857142858 0.12701252236135957
76 0.15892857142857142 0.20572450805008943 0.175 0.12880143112701253
67 0.30892857142857144 0.6341681574239714 0.16964285714285715 0.1413237924865832
67 0.7839285714285714 0.19409660107334525 0.14642857142857144 0.1449016100178891
67 0.7794642857142857 0.6735241502683363 0.16071428571428573 0.14669051878354203
33 0.6419642857142858 0.19051878354203935 0.12678571428571428 0.11270125223613596
11 0.4276785714285714 0.6216457960644007 0.06428571428571428 0.11985688729874776
33 0.6303571428571428 0.6762075134168157 0.1392857142857143 0.1252236135957066
71 0.3169642857142857 0.2101967799642218 0.05892857142857143 0.09838998211091235
38 0.8964285714285715 0.6699463327370304 0.06428571428571428 0.11270125223613596
38 0.89375 0.19409660107334525 0.05892857142857143 0.11091234347048301