72 0.23660714285714285 0.6779964221824687 0.09464285714285714 0.1771019677996422
23 0.6616071428571428 0.2182468694096601 0.0625 0.06976744186046512
67 0.7848214285714286 0.6806797853309481 0.16964285714285715 0.16279069767441862
33 0.6267857142857143 0.686046511627907 0.14464285714285716 0.12701252236135957
67 0.2526785714285714 0.2558139534883721 0.1125 0.09660107334525939
33 0.14732142857142858 0.2701252236135957 0.09821428571428571 0.08050089445438283
38 0.9098214285714286 0.6744186046511628 0.06428571428571428 0.12164579606440072
67 0.7392857142857143 0.22271914132379247 0.09285714285714286 0.06797853309481217
101 0.32321428571428573 0.6914132379248659 0.04107142857142857 0.12343470483005367
38 0.8089285714285714 0.22361359570661896 0.03571428571428571 0.057245080500894455
38 0.3339285714285714 0.24239713774597496 0.05 0.07871198568872988