67 0.3098214285714286 0.6878354203935599 0.15178571428571427 0.11806797853309481
67 0.7785714285714286 0.22093023255813954 0.15535714285714286 0.13595706618962433
67 0.7651785714285714 0.6681574239713775 0.1625 0.11449016100178891
67 0.2732142857142857 0.1735241502683363 0.14642857142857144 0.11449016100178891
55 0.13035714285714287 0.1771019677996422 0.14464285714285716 0.1037567084078712
33 0.6330357142857143 0.22093023255813954 0.1357142857142857 0.11627906976744186
33 0.6098214285714286 0.6726296958855098 0.14107142857142857 0.10196779964221825
33 0.16607142857142856 0.7003577817531306 0.1357142857142857 0.10554561717352415
53 0.8866071428571428 0.6636851520572451 0.055357142857142855 0.08765652951699464
38 0.42232142857142857 0.6744186046511628 0.05714285714285714 0.09302325581395349
38 0.8919642857142858 0.21645796064400716 0.0625 0.10554561717352415
59 0.38660714285714287 0.1779964221824687 0.06785714285714285 0.08050089445438283