70 0.6946428571428571 0.6377459749552773 0.30178571428571427 0.11806797853309481
67 0.7732142857142857 0.18425760286225404 0.15714285714285714 0.1413237924865832
67 0.2875 0.2075134168157424 0.17142857142857143 0.1556350626118068
33 0.625 0.19320214669051877 0.1357142857142857 0.11270125223613596
33 0.13125 0.2101967799642218 0.1375 0.12164579606440072
67 0.29285714285714287 0.6610017889087657 0.12857142857142856 0.11985688729874776
33 0.175 0.7021466905187835 0.11607142857142858 0.11091234347048301
38 0.4125 0.20125223613595708 0.06428571428571428 0.12701252236135957
38 0.37857142857142856 0.6350626118067979 0.05714285714285714 0.1037567084078712
59 0.8955357142857143 0.631484794275492 0.06428571428571428 0.08765652951699464
38 0.8892857142857142 0.17531305903398928 0.060714285714285714 0.1073345259391771