37 0.6616071428571428 0.7146690518783542 0.15535714285714286 0.1592128801431127
67 0.7848214285714286 0.22003577817531306 0.15535714285714286 0.1771019677996422
47 0.22410714285714287 0.6878354203935599 0.15357142857142858 0.11627906976744186
67 0.29285714285714287 0.2101967799642218 0.1625 0.1592128801431127
33 0.14107142857142857 0.2075134168157424 0.1357142857142857 0.12343470483005367
99 0.3357142857142857 0.6994633273703041 0.055357142857142855 0.10912343470483005
38 0.8098214285714286 0.7245080500894454 0.05892857142857143 0.11627906976744186
33 0.6410714285714286 0.15026833631484796 0.1375 0.15384615384615385
38 0.4125 0.2101967799642218 0.0625 0.11627906976744186
45 0.9017857142857143 0.27191413237924866 0.06964285714285715 0.12880143112701253
11 0.9017857142857143 0.27280858676207514 0.06964285714285715 0.12880143112701253