55 0.13839285714285715 0.17620751341681573 0.14642857142857144 0.09838998211091235
47 0.20714285714285716 0.669051878354204 0.21785714285714286 0.11091234347048301
67 0.78125 0.20661896243291591 0.16071428571428573 0.1520572450805009
67 0.7696428571428572 0.6735241502683363 0.175 0.1592128801431127
33 0.6035714285714285 0.6636851520572451 0.15178571428571427 0.13059033989266547
33 0.6339285714285714 0.2075134168157424 0.13392857142857142 0.12343470483005367
67 0.28482142857142856 0.16100178890876565 0.14821428571428572 0.09838998211091235
41 0.9071428571428571 0.669051878354204 0.06607142857142857 0.11627906976744186
38 0.9 0.20214669051878353 0.0625 0.11985688729874776
43 0.36964285714285716 0.6395348837209303 0.07142857142857142 0.09838998211091235
43 0.4107142857142857 0.1547406082289803 0.05357142857142857 0.08228980322003578