63 0.23392857142857143 0.682468694096601 0.36428571428571427 0.2522361359570662
67 0.7776785714285714 0.6940966010733453 0.16785714285714284 0.1592128801431127
33 0.6232142857142857 0.6923076923076923 0.1392857142857143 0.12701252236135957
67 0.7785714285714286 0.20214669051878353 0.15892857142857142 0.16100178890876565
33 0.6267857142857143 0.2101967799642218 0.14642857142857144 0.14669051878354203
43 0.13214285714285715 0.8810375670840788 0.07142857142857142 0.12701252236135957
33 0.2017857142857143 0.20304114490161002 0.06785714285714285 0.0626118067978533
38 0.9008928571428572 0.6932021466905188 0.060714285714285714 0.12164579606440072
67 0.275 0.2298747763864043 0.07857142857142857 0.06797853309481217
41 0.8910714285714286 0.19767441860465115 0.07142857142857142 0.13953488372093023
20 0.33225 0.2513059033989266 0.046589285714285715 0.044651162790697675