70 0.19017857142857142 0.6779964221824687 0.26785714285714285 0.11806797853309481
67 0.7571428571428571 0.6395348837209303 0.1125 0.14669051878354203
67 0.2982142857142857 0.18425760286225404 0.16428571428571428 0.16100178890876565
33 0.14285714285714285 0.18425760286225404 0.14464285714285716 0.13237924865831843
67 0.7696428571428572 0.1779964221824687 0.15 0.1073345259391771
62 0.41964285714285715 0.18604651162790697 0.0625 0.12701252236135957
33 0.6321428571428571 0.1771019677996422 0.12678571428571428 0.09481216457960644
59 0.37410714285714286 0.6932021466905188 0.060714285714285714 0.07513416815742398
43 0.8830357142857143 0.1779964221824687 0.05714285714285714 0.09481216457960644
23 0.6410714285714286 0.7066189624329159 0.09464285714285714 0.12164579606440072
33 0.6419642857142858 0.7012522361359571 0.09821428571428571 0.12343470483005367
31 0.8419642857142857 0.5974955277280859 0.05892857142857143 0.11270125223613596
45 0.8419642857142857 0.5974955277280859 0.05892857142857143 0.11091234347048301