102 0.6839285714285714 0.16368515205724507 0.24107142857142858 0.16100178890876565
101 0.8598214285714286 0.16457960644007155 0.05357142857142857 0.11449016100178891
33 0.6571428571428571 0.6869409660107334 0.1625 0.14669051878354203
67 0.2955357142857143 0.6940966010733453 0.15 0.13953488372093023
67 0.8401785714285714 0.6932021466905188 0.17142857142857143 0.17173524150268335
23 0.12678571428571428 0.17173524150268335 0.10535714285714286 0.10912343470483005
67 0.26160714285714287 0.1735241502683363 0.16607142857142856 0.11806797853309481
11 0.6107142857142858 0.8318425760286225 0.075 0.1413237924865832
55 0.15267857142857144 0.6905187835420393 0.14464285714285716 0.13595706618962433
43 0.39017857142857143 0.1779964221824687 0.060714285714285714 0.09123434704830054
11 0.4035714285714286 0.7057245080500895 0.05892857142857143 0.1252236135957066