79 0.6982142857142857 0.6762075134168157 0.24285714285714285 0.13237924865831843
33 0.6410714285714286 0.24329159212880144 0.1357142857142857 0.13059033989266547
67 0.7794642857142857 0.20125223613595708 0.15178571428571427 0.1413237924865832
67 0.3044642857142857 0.6905187835420393 0.17142857142857143 0.1520572450805009
33 0.16160714285714287 0.21556350626118068 0.07857142857142857 0.07871198568872988
33 0.14464285714285716 0.6869409660107334 0.14642857142857144 0.1252236135957066
67 0.24821428571428572 0.21735241502683364 0.09464285714285714 0.09123434704830054
41 0.4303571428571429 0.684257602862254 0.05892857142857143 0.12164579606440072
59 0.8598214285714286 0.6288014311270125 0.060714285714285714 0.07513416815742398
38 0.3142857142857143 0.2146690518783542 0.03571428571428571 0.07155635062611806
11 0.8821428571428571 0.1771019677996422 0.05357142857142857 0.10912343470483005