67 0.3080357142857143 0.19141323792486584 0.17857142857142858 0.17173524150268335
67 0.2982142857142857 0.6994633273703041 0.175 0.16457960644007155
33 0.6214285714285714 0.20572450805008943 0.14642857142857144 0.13237924865831843
33 0.15267857142857144 0.1404293381037567 0.1357142857142857 0.14311270125223613
67 0.7866071428571428 0.20840787119856888 0.17857142857142858 0.16457960644007155
33 0.13392857142857142 0.6914132379248659 0.14821428571428572 0.13416815742397137
68 0.7321428571428571 0.6574239713774598 0.30892857142857144 0.19499105545617174
38 0.9178571428571428 0.2039355992844365 0.06785714285714285 0.12701252236135957
38 0.4294642857142857 0.6967799642218246 0.06428571428571428 0.12701252236135957
41 0.4401785714285714 0.22271914132379247 0.06964285714285715 0.12880143112701253
101 0.9260178571428572 0.7053488372093024 0.08673214285714285 0.1379964221824687