19 0.22232142857142856 0.6511627906976745 0.26964285714285713 0.23971377459749552
67 0.7776785714285714 0.20214669051878353 0.16428571428571428 0.16279069767441862
33 0.6241071428571429 0.19767441860465115 0.14285714285714285 0.12880143112701253
67 0.2982142857142857 0.1851520572450805 0.15892857142857142 0.13595706618962433
67 0.8383928571428572 0.6932021466905188 0.14464285714285716 0.14669051878354203
33 0.14821428571428572 0.1815742397137746 0.1392857142857143 0.11449016100178891
38 0.9017857142857143 0.19856887298747763 0.06428571428571428 0.1252236135957066
55 0.7026785714285714 0.6958855098389982 0.12321428571428572 0.13237924865831843
20 0.41785714285714287 0.18604651162790697 0.060714285714285714 0.1037567084078712
99 0.39464285714285713 0.6261180679785331 0.07142857142857142 0.19141323792486584
43 0.6526785714285714 0.8094812164579607 0.04642857142857143 0.09660107334525939