67 0.7678571428571429 0.24508050089445438 0.14821428571428572 0.12880143112701253
67 0.30357142857142855 0.18336314847942756 0.17142857142857143 0.16636851520572452
33 0.6303571428571428 0.23792486583184258 0.125 0.11806797853309481
33 0.14107142857142857 0.18604651162790697 0.15178571428571427 0.13595706618962433
67 0.26607142857142857 0.6636851520572451 0.13035714285714287 0.13416815742397137
33 0.13482142857142856 0.7128801431127012 0.12857142857142856 0.13416815742397137
38 0.42589285714285713 0.17889087656529518 0.06428571428571428 0.1252236135957066
59 0.85 0.6583184257602862 0.06607142857142857 0.11091234347048301
45 0.36160714285714285 0.6404293381037567 0.06964285714285715 0.1037567084078712
43 0.875 0.2441860465116279 0.05178571428571429 0.1001788908765653
104 0.6989821428571429 0.6989445438282648 0.22448214285714285 0.16100178890876565