31 0.9017857142857143 0.6368515205724508 0.07321428571428572 0.1252236135957066
67 0.29464285714285715 0.6896243291592129 0.18035714285714285 0.1806797853309481
34 0.6928571428571428 0.17620751341681573 0.22857142857142856 0.1252236135957066
55 0.17946428571428572 0.17889087656529518 0.1982142857142857 0.16100178890876565
67 0.3625 0.15652951699463327 0.17142857142857143 0.17173524150268335
67 0.7794642857142857 0.6440071556350626 0.16428571428571428 0.1520572450805009
33 0.12857142857142856 0.6815742397137746 0.14821428571428572 0.14669051878354203
33 0.6241071428571429 0.6556350626118068 0.14285714285714285 0.12880143112701253
38 0.42678571428571427 0.6940966010733453 0.07142857142857142 0.13595706618962433
99 0.10803571428571429 0.32737030411449014 0.07142857142857142 0.1806797853309481
59 0.8428571428571429 0.16457960644007155 0.06607142857142857 0.08407871198568873