89 0.6741071428571429 0.1771019677996422 0.11785714285714285 0.1413237924865832
85 0.11339285714285714 0.6377459749552773 0.125 0.10912343470483005
67 0.7821428571428571 0.6708407871198568 0.15714285714285714 0.13774597495527727
67 0.2571428571428571 0.6064400715563506 0.16428571428571428 0.11806797853309481
67 0.31160714285714286 0.2513416815742397 0.1732142857142857 0.17531305903398928
33 0.15089285714285713 0.25313059033989266 0.14642857142857144 0.14311270125223613
33 0.6348214285714285 0.6735241502683363 0.1375 0.11091234347048301
99 0.9008928571428572 0.6556350626118068 0.05892857142857143 0.11627906976744186
71 0.7794642857142857 0.16994633273703041 0.05 0.11449016100178891
41 0.44107142857142856 0.24865831842576028 0.06607142857142857 0.13059033989266547
59 0.38392857142857145 0.5831842576028623 0.06785714285714285 0.08586762075134168