33 0.14910714285714285 0.19946332737030412 0.14107142857142857 0.15026833631484796
33 0.6196428571428572 0.17262969588550983 0.1375 0.14311270125223613
67 0.7741071428571429 0.18694096601073346 0.17142857142857143 0.16994633273703041
33 0.6169642857142857 0.7093023255813954 0.13392857142857142 0.11627906976744186
67 0.7598214285714285 0.682468694096601 0.15714285714285714 0.13953488372093023
67 0.2892857142857143 0.23792486583184258 0.14464285714285716 0.1520572450805009
47 0.23392857142857143 0.7093023255813954 0.21785714285714286 0.08944543828264759
38 0.8723214285714286 0.6645796064400715 0.060714285714285714 0.1073345259391771
99 0.39017857142857143 0.24239713774597496 0.0625 0.13774597495527727
43 0.12678571428571428 0.8005366726296959 0.05178571428571429 0.08050089445438283
99 0.8857142857142857 0.17620751341681573 0.05892857142857143 0.15384615384615385