67 0.2910714285714286 0.21914132379248658 0.17142857142857143 0.16279069767441862
33 0.6267857142857143 0.20304114490161002 0.14107142857142857 0.13059033989266547
33 0.13482142857142856 0.21377459749552774 0.1375 0.13953488372093023
67 0.7696428571428572 0.6699463327370304 0.1732142857142857 0.148479427549195
33 0.6098214285714286 0.6618962432915921 0.14642857142857144 0.1252236135957066
67 0.7794642857142857 0.20483005366726298 0.16428571428571428 0.1592128801431127
99 0.8928571428571429 0.6708407871198568 0.0625 0.11627906976744186
38 0.41785714285714287 0.22003577817531306 0.06785714285714285 0.11985688729874776
59 0.37857142857142856 0.629695885509839 0.0625 0.07871198568872988
38 0.9008928571428572 0.20125223613595708 0.08392857142857142 0.13237924865831843
80 0.19910714285714284 0.6547406082289803 0.2767857142857143 0.11091234347048301