65 0.20714285714285716 0.6618962432915921 0.19285714285714287 0.10912343470483005
35 0.34910714285714284 0.6636851520572451 0.04107142857142857 0.08586762075134168
33 0.6223214285714286 0.682468694096601 0.13214285714285715 0.13416815742397137
67 0.8017857142857143 0.22271914132379247 0.16785714285714284 0.18246869409660108
67 0.31875 0.24776386404293382 0.14642857142857144 0.16815742397137745
67 0.7714285714285715 0.7012522361359571 0.1625 0.15026833631484796
99 0.42589285714285713 0.24686940966010734 0.05892857142857143 0.13774597495527727
33 0.6455357142857143 0.18604651162790697 0.15 0.15742397137745975
33 0.18214285714285713 0.22361359570661896 0.12321428571428572 0.13595706618962433
99 0.5901785714285714 0.3041144901610018 0.06428571428571428 0.1413237924865832
11 0.8883928571428571 0.7093023255813954 0.05714285714285714 0.10912343470483005