83 0.20714285714285716 0.22808586762075134 0.24107142857142858 0.11091234347048301
67 0.8223214285714285 0.6645796064400715 0.17142857142857143 0.18425760286225404
67 0.30089285714285713 0.6896243291592129 0.1732142857142857 0.16279069767441862
33 0.1419642857142857 0.6923076923076923 0.14285714285714285 0.12880143112701253
67 0.7857142857142857 0.1967799642218247 0.16607142857142856 0.1556350626118068
33 0.6589285714285714 0.646690518783542 0.15357142857142858 0.14669051878354203
99 0.60625 0.7799642218246869 0.05357142857142857 0.16457960644007155
33 0.6294642857142857 0.21914132379248658 0.14642857142857144 0.12343470483005367
41 0.43214285714285716 0.684257602862254 0.06607142857142857 0.12164579606440072
41 0.39464285714285713 0.22719141323792486 0.05 0.07692307692307693
17 0.9116071428571428 0.17978533094812166 0.06785714285714285 0.11270125223613596