67 0.2830357142857143 0.20483005366726298 0.15892857142857142 0.1592128801431127
16 0.18482142857142858 0.7057245080500895 0.16071428571428573 0.1073345259391771
67 0.7491071428571429 0.20930232558139536 0.13035714285714287 0.1252236135957066
23 0.15 0.2003577817531306 0.10535714285714286 0.15742397137745975
67 0.33125 0.7155635062611807 0.13392857142857142 0.10554561717352415
67 0.7848214285714286 0.7164579606440071 0.15178571428571427 0.1449016100178891
23 0.6419642857142858 0.21198568872987478 0.0875 0.12701252236135957
43 0.13839285714285715 0.7942754919499105 0.06607142857142857 0.09123434704830054
38 0.4035714285714286 0.20483005366726298 0.06785714285714285 0.12701252236135957
38 0.8446428571428571 0.20661896243291591 0.05357142857142857 0.09660107334525939
20 0.89375 0.7137745974955277 0.060714285714285714 0.11091234347048301
33 0.6348214285714285 0.7200357781753131 0.15 0.14311270125223613
55 0.6348214285714285 0.7200357781753131 0.14821428571428572 0.14311270125223613