11 0.6178571428571429 0.3676207513416816 0.09464285714285714 0.15742397137745975
67 0.7857142857142857 0.667262969588551 0.175 0.16994633273703041
67 0.29642857142857143 0.19856887298747763 0.17857142857142858 0.16100178890876565
33 0.6223214285714286 0.6753130590339893 0.14464285714285716 0.13237924865831843
33 0.13125 0.20483005366726298 0.14821428571428572 0.1252236135957066
67 0.2839285714285714 0.682468694096601 0.15178571428571427 0.16994633273703041
33 0.14285714285714285 0.6592128801431127 0.13035714285714287 0.1449016100178891
38 0.4303571428571429 0.19499105545617174 0.06964285714285715 0.12880143112701253
53 0.9169642857142857 0.6565295169946332 0.0625 0.13237924865831843
43 0.3982142857142857 0.6833631484794276 0.06607142857142857 0.15026833631484796
47 0.7580357142857143 0.1851520572450805 0.2714285714285714 0.1806797853309481