29 0.6919642857142857 0.6976744186046512 0.15714285714285714 0.1592128801431127
67 0.25089285714285714 0.20661896243291591 0.1392857142857143 0.13595706618962433
31 0.3794642857142857 0.20930232558139536 0.06428571428571428 0.11449016100178891
67 0.29285714285714287 0.6815742397137746 0.16607142857142856 0.16279069767441862
23 0.13214285714285715 0.2075134168157424 0.09821428571428571 0.13953488372093023
33 0.13660714285714284 0.6869409660107334 0.14107142857142857 0.13059033989266547
20 0.8116071428571429 0.6958855098389982 0.044642857142857144 0.1073345259391771
67 0.7696428571428572 0.1779964221824687 0.15535714285714286 0.13059033989266547
33 0.6276785714285714 0.1735241502683363 0.13035714285714287 0.11091234347048301
20 0.88125 0.1771019677996422 0.05892857142857143 0.10196779964221825
38 0.41785714285714287 0.6753130590339893 0.06607142857142857 0.13059033989266547