85 0.6169642857142857 0.648479427549195 0.13035714285714287 0.11806797853309481
55 0.6633928571428571 0.13148479427549195 0.12857142857142856 0.10912343470483005
67 0.29196428571428573 0.16994633273703041 0.15892857142857142 0.16279069767441862
67 0.7669642857142858 0.6610017889087657 0.16428571428571428 0.13237924865831843
33 0.13839285714285715 0.17531305903398928 0.14107142857142857 0.1449016100178891
99 0.40625 0.1511627906976744 0.060714285714285714 0.13416815742397137
40 0.225 0.6949910554561717 0.20357142857142857 0.1413237924865832
67 0.7848214285714286 0.1744186046511628 0.12142857142857143 0.11985688729874776
43 0.8991071428571429 0.6735241502683363 0.0625 0.1001788908765653
59 0.8901785714285714 0.21735241502683364 0.05892857142857143 0.09481216457960644
45 0.3607142857142857 0.6708407871198568 0.0625 0.09660107334525939