67 0.28660714285714284 0.6905187835420393 0.15535714285714286 0.14669051878354203
67 0.7857142857142857 0.16815742397137745 0.15892857142857142 0.16994633273703041
33 0.18660714285714286 0.19767441860465115 0.15892857142857142 0.13595706618962433
33 0.14107142857142857 0.6869409660107334 0.13214285714285715 0.11449016100178891
67 0.34285714285714286 0.17173524150268335 0.1625 0.13416815742397137
67 0.7732142857142857 0.8220035778175313 0.1392857142857143 0.06440071556350627
33 0.6357142857142857 0.19320214669051877 0.14642857142857144 0.13953488372093023
43 0.16071428571428573 0.34615384615384615 0.06785714285714285 0.1037567084078712
38 0.40089285714285716 0.6914132379248659 0.05714285714285714 0.1073345259391771
33 0.6419642857142858 0.817531305903399 0.11071428571428571 0.05366726296958855
41 0.89375 0.14937388193202147 0.06964285714285715 0.13595706618962433
38 0.8803571428571428 0.8246869409660107 0.04642857142857143 0.0518783542039356