67 0.2544642857142857 0.2182468694096601 0.11964285714285715 0.09302325581395349
67 0.7919642857142857 0.19141323792486584 0.16071428571428573 0.13237924865831843
67 0.30625 0.7003577817531306 0.15535714285714286 0.13953488372093023
33 0.6410714285714286 0.24150268336314848 0.14107142857142857 0.12164579606440072
33 0.6401785714285714 0.6762075134168157 0.07678571428571429 0.06976744186046512
33 0.16607142857142856 0.6833631484794276 0.13214285714285715 0.11985688729874776
67 0.7232142857142857 0.6887298747763864 0.09107142857142857 0.07871198568872988
33 0.1455357142857143 0.22003577817531306 0.09821428571428571 0.07871198568872988
17 0.34375 0.21288014311270126 0.044642857142857144 0.06976744186046512
38 0.7892857142857143 0.6949910554561717 0.03571428571428571 0.06082289803220036
62 0.41964285714285715 0.7155635062611807 0.06785714285714285 0.1037567084078712
20 0.90625 0.1592128801431127 0.060714285714285714 0.10912343470483005