16 0.16428571428571428 0.16279069767441862 0.15714285714285714 0.08050089445438283
67 0.30178571428571427 0.6753130590339893 0.14464285714285716 0.14311270125223613
33 0.16875 0.6708407871198568 0.12321428571428572 0.11806797853309481
67 0.7892857142857143 0.6806797853309481 0.15714285714285714 0.14311270125223613
67 0.7669642857142858 0.2039355992844365 0.125 0.13237924865831843
67 0.30178571428571427 0.167262969588551 0.11785714285714285 0.08228980322003578
33 0.6419642857142858 0.7110912343470484 0.14107142857142857 0.12701252236135957
33 0.6473214285714286 0.2513416815742397 0.11964285714285715 0.13059033989266547
38 0.40714285714285714 0.6744186046511628 0.05892857142857143 0.10912343470483005
43 0.4 0.167262969588551 0.04642857142857143 0.06797853309481217
38 0.89375 0.6601073345259392 0.05714285714285714 0.11270125223613596
99 0.8544642857142857 0.16457960644007155 0.05 0.11091234347048301