70 0.6607142857142857 0.1806797853309481 0.18392857142857144 0.1449016100178891
67 0.7803571428571429 0.6923076923076923 0.15535714285714286 0.148479427549195
33 0.14017857142857143 0.2003577817531306 0.14285714285714285 0.13059033989266547
67 0.29375 0.19946332737030412 0.16428571428571428 0.16457960644007155
67 0.28035714285714286 0.6940966010733453 0.15714285714285714 0.1413237924865832
33 0.6348214285714285 0.7003577817531306 0.1375 0.12880143112701253
33 0.13660714285714284 0.684257602862254 0.12857142857142856 0.11270125223613596
41 0.41875 0.19409660107334525 0.06607142857142857 0.12343470483005367
38 0.3964285714285714 0.6985688729874776 0.05892857142857143 0.10912343470483005
103 0.7946428571428571 0.17620751341681573 0.05 0.13774597495527727
41 0.8991071428571429 0.6815742397137746 0.0625 0.12343470483005367