15 0.26160714285714287 0.240608228980322 0.23392857142857143 0.11270125223613596
67 0.7919642857142857 0.20214669051878353 0.1767857142857143 0.148479427549195
67 0.28482142857142856 0.6171735241502684 0.14821428571428572 0.1556350626118068
33 0.6294642857142857 0.23434704830053668 0.15178571428571427 0.1252236135957066
33 0.14642857142857144 0.6323792486583184 0.14285714285714285 0.14311270125223613
67 0.7875 0.6788908765652951 0.1732142857142857 0.1413237924865832
33 0.6214285714285714 0.7352415026833632 0.16964285714285715 0.12701252236135957
43 0.12589285714285714 0.3291592128801431 0.06428571428571428 0.09838998211091235
41 0.9196428571428571 0.17262969588550983 0.06428571428571428 0.11449016100178891
103 0.3982142857142857 0.6046511627906976 0.07857142857142857 0.1449016100178891
17 0.9107142857142857 0.6332737030411449 0.06964285714285715 0.1073345259391771
99 0.3991071428571429 0.6064400715563506 0.07857142857142857 0.1413237924865832