67 0.2955357142857143 0.19856887298747763 0.16785714285714284 0.16457960644007155
17 0.37410714285714286 0.6708407871198568 0.05714285714285714 0.13416815742397137
67 0.7830357142857143 0.21198568872987478 0.16071428571428573 0.1556350626118068
33 0.6321428571428571 0.2110912343470483 0.14107142857142857 0.12701252236135957
33 0.1357142857142857 0.2110912343470483 0.14642857142857144 0.13059033989266547
59 0.825 0.6305903398926654 0.05892857142857143 0.08050089445438283
33 0.6678571428571428 0.7871198568872988 0.10892857142857143 0.1252236135957066
38 0.42410714285714285 0.1851520572450805 0.06964285714285715 0.13059033989266547
38 0.9035714285714286 0.20661896243291591 0.05892857142857143 0.11985688729874776
67 0.7589285714285714 0.6932021466905188 0.09821428571428571 0.12880143112701253
96 0.24732142857142858 0.6788908765652951 0.15714285714285714 0.15742397137745975