33 0.625 0.6815742397137746 0.13214285714285715 0.1252236135957066
67 0.7732142857142857 0.6887298747763864 0.15714285714285714 0.148479427549195
55 0.6357142857142857 0.20483005366726298 0.15357142857142858 0.13774597495527727
67 0.2580357142857143 0.7021466905187835 0.175 0.17173524150268335
67 0.7901785714285714 0.2075134168157424 0.15714285714285714 0.1520572450805009
59 0.34375 0.14669051878354203 0.07142857142857142 0.09660107334525939
38 0.39017857142857143 0.7343470483005367 0.07142857142857142 0.12164579606440072
23 0.11875 0.6601073345259392 0.10178571428571428 0.1520572450805009
98 0.8848214285714285 0.684257602862254 0.05178571428571429 0.13595706618962433
13 0.21607142857142858 0.1735241502683363 0.17857142857142858 0.12343470483005367
11 0.9044642857142857 0.20572450805008943 0.05357142857142857 0.10196779964221825
99 0.8857142857142857 0.684257602862254 0.05357142857142857 0.13595706618962433