67 0.7678571428571429 0.6940966010733453 0.16428571428571428 0.14669051878354203
41 0.4232142857142857 0.20840787119856888 0.060714285714285714 0.11091234347048301
67 0.3 0.1887298747763864 0.15892857142857142 0.15384615384615385
33 0.15357142857142858 0.167262969588551 0.13035714285714287 0.12164579606440072
67 0.7616071428571428 0.22719141323792486 0.12857142857142856 0.08944543828264759
41 0.8625 0.2298747763864043 0.044642857142857144 0.06797853309481217
67 0.29196428571428573 0.7110912343470484 0.11964285714285715 0.1073345259391771
33 0.6151785714285715 0.6869409660107334 0.1375 0.11806797853309481
33 0.6392857142857142 0.21914132379248658 0.10892857142857143 0.07871198568872988
33 0.18214285714285713 0.6636851520572451 0.10178571428571428 0.09123434704830054
38 0.8919642857142858 0.7021466905187835 0.0625 0.11806797853309481
38 0.3821428571428571 0.7486583184257602 0.044642857142857144 0.07513416815742398