102 0.6919642857142857 0.646690518783542 0.24642857142857144 0.12343470483005367
97 0.14732142857142858 0.1440071556350626 0.14107142857142857 0.09660107334525939
33 0.6008928571428571 0.1592128801431127 0.14285714285714285 0.13953488372093023
67 0.2875 0.6976744186046512 0.17857142857142858 0.16815742397137745
33 0.12767857142857142 0.6386404293381037 0.13392857142857142 0.1449016100178891
67 0.7642857142857142 0.20840787119856888 0.1767857142857143 0.1592128801431127
67 0.27767857142857144 0.1404293381037567 0.125 0.1037567084078712
38 0.8991071428571429 0.24329159212880144 0.07678571428571429 0.11627906976744186
38 0.41964285714285715 0.7352415026833632 0.06607142857142857 0.11449016100178891
59 0.8633928571428572 0.6341681574239714 0.060714285714285714 0.07513416815742398
59 0.3848214285714286 0.13327370304114491 0.060714285714285714 0.07513416815742398