67 0.7803571428571429 0.682468694096601 0.15535714285714286 0.1520572450805009
72 0.20267857142857143 0.1592128801431127 0.15535714285714286 0.11270125223613596
41 0.9017857142857143 0.6806797853309481 0.060714285714285714 0.11985688729874776
67 0.7357142857142858 0.23971377459749552 0.12678571428571428 0.1037567084078712
33 0.6339285714285714 0.6735241502683363 0.13392857142857142 0.12343470483005367
33 0.1419642857142857 0.6735241502683363 0.12321428571428572 0.08944543828264759
67 0.2714285714285714 0.6592128801431127 0.1392857142857143 0.10196779964221825
33 0.6178571428571429 0.21645796064400716 0.10178571428571428 0.08586762075134168
59 0.3223214285714286 0.1556350626118068 0.05714285714285714 0.08586762075134168
38 0.8348214285714286 0.2567084078711986 0.04285714285714286 0.07513416815742398
59 0.375 0.6493738819320215 0.05714285714285714 0.07513416815742398