67 0.29285714285714287 0.6851520572450805 0.17142857142857143 0.1556350626118068
67 0.3026785714285714 0.22093023255813954 0.14464285714285716 0.16457960644007155
67 0.7839285714285714 0.2003577817531306 0.16785714285714284 0.1449016100178891
33 0.1669642857142857 0.23613595706618962 0.13035714285714287 0.1449016100178891
33 0.13482142857142856 0.6851520572450805 0.14285714285714285 0.11985688729874776
33 0.6276785714285714 0.20214669051878353 0.14285714285714285 0.11806797853309481
67 0.7517857142857143 0.6610017889087657 0.14464285714285716 0.08765652951699464
33 0.61875 0.6556350626118068 0.11785714285714285 0.08050089445438283
38 0.41964285714285715 0.682468694096601 0.06428571428571428 0.11985688729874776
38 0.90625 0.19856887298747763 0.060714285714285714 0.11091234347048301
99 0.4017857142857143 0.1967799642218247 0.05357142857142857 0.14311270125223613
43 0.8651785714285715 0.6636851520572451 0.044642857142857144 0.06618962432915922