18 0.6866071428571429 0.6574239713774598 0.1625 0.10196779964221825
67 0.29732142857142857 0.17262969588550983 0.16785714285714284 0.16100178890876565
33 0.14732142857142858 0.6744186046511628 0.1392857142857143 0.12164579606440072
33 0.1419642857142857 0.17531305903398928 0.1392857142857143 0.12880143112701253
67 0.29464285714285715 0.6762075134168157 0.15178571428571427 0.1413237924865832
67 0.7732142857142857 0.22361359570661896 0.1375 0.1413237924865832
41 0.4232142857142857 0.16368515205724507 0.06428571428571428 0.12701252236135957
17 0.4160714285714286 0.6869409660107334 0.06964285714285715 0.11627906976744186
59 0.8116071428571429 0.6368515205724508 0.05892857142857143 0.08228980322003578
55 0.6428571428571429 0.20125223613595708 0.12321428571428572 0.12343470483005367
99 0.8723214285714286 0.22808586762075134 0.060714285714285714 0.11985688729874776