67 0.7794642857142857 0.19499105545617174 0.1732142857142857 0.16100178890876565
55 0.66875 0.6422182468694096 0.1 0.1592128801431127
33 0.6178571428571429 0.17262969588550983 0.14285714285714285 0.12343470483005367
67 0.29642857142857143 0.6797853309481217 0.1625 0.13595706618962433
33 0.14732142857142858 0.6771019677996423 0.13392857142857142 0.11627906976744186
67 0.3 0.21645796064400716 0.13214285714285715 0.12164579606440072
33 0.17767857142857144 0.17620751341681573 0.11071428571428571 0.1001788908765653
38 0.9107142857142857 0.20840787119856888 0.06428571428571428 0.11627906976744186
38 0.41696428571428573 0.6797853309481217 0.0625 0.10554561717352415
99 0.7517857142857143 0.6198568872987478 0.05 0.13416815742397137
38 0.39732142857142855 0.24150268336314848 0.05178571428571429 0.07692307692307693