16 0.16071428571428573 0.1735241502683363 0.17857142857142858 0.1001788908765653
93 0.19107142857142856 0.7119856887298748 0.21785714285714286 0.16279069767441862
67 0.3142857142857143 0.17173524150268335 0.125 0.1037567084078712
67 0.7785714285714286 0.7030411449016101 0.15535714285714286 0.13953488372093023
33 0.6339285714285714 0.7039355992844365 0.1357142857142857 0.11985688729874776
67 0.7571428571428571 0.21914132379248658 0.13035714285714287 0.12343470483005367
33 0.6383928571428571 0.17620751341681573 0.10357142857142858 0.10196779964221825
38 0.8919642857142858 0.6994633273703041 0.0625 0.10554561717352415
43 0.42232142857142857 0.16815742397137745 0.04285714285714286 0.07513416815742398
59 0.3205357142857143 0.6350626118067979 0.05 0.04830053667262969
41 0.8526785714285714 0.2504472271914132 0.05357142857142857 0.08944543828264759