95 0.7080357142857143 0.18336314847942756 0.2714285714285714 0.16636851520572452
67 0.27053571428571427 0.21556350626118068 0.17142857142857143 0.15384615384615385
12 0.22142857142857142 0.6457960644007156 0.24464285714285713 0.10912343470483005
67 0.7491071428571429 0.7057245080500895 0.10535714285714286 0.10554561717352415
33 0.65 0.6636851520572451 0.09107142857142857 0.09302325581395349
38 0.3991071428571429 0.2182468694096601 0.06964285714285715 0.12701252236135957
38 0.8285714285714286 0.7316636851520573 0.044642857142857144 0.07155635062611806
43 0.9026785714285714 0.2370304114490161 0.055357142857142855 0.08407871198568873
43 0.3919642857142857 0.646690518783542 0.04642857142857143 0.07692307692307693
23 0.12857142857142856 0.21198568872987478 0.10892857142857143 0.15026833631484796
24 0.12767857142857142 0.2101967799642218 0.10714285714285714 0.14669051878354203