67 0.2883928571428571 0.7003577817531306 0.1732142857142857 0.16636851520572452
33 0.12410714285714286 0.6583184257602862 0.14464285714285716 0.13595706618962433
67 0.7839285714285714 0.19946332737030412 0.1732142857142857 0.13416815742397137
33 0.6169642857142857 0.2513416815742397 0.16964285714285715 0.12701252236135957
38 0.42142857142857143 0.7343470483005367 0.0625 0.1073345259391771
59 0.42142857142857143 0.14221824686940965 0.06964285714285715 0.09481216457960644
43 0.8866071428571428 0.6413237924865832 0.05357142857142857 0.08944543828264759
38 0.9098214285714286 0.1592128801431127 0.07142857142857142 0.11091234347048301
27 0.21607142857142858 0.167262969588551 0.3125 0.13595706618962433
96 0.6892857142857143 0.6681574239713775 0.29642857142857143 0.13237924865831843
80 0.6910714285714286 0.669051878354204 0.29285714285714287 0.13416815742397137