33 0.6223214285714286 0.20572450805008943 0.1357142857142857 0.11627906976744186
33 0.12410714285714286 0.646690518783542 0.15 0.13416815742397137
67 0.7714285714285715 0.20304114490161002 0.16071428571428573 0.1592128801431127
67 0.2910714285714286 0.6753130590339893 0.1767857142857143 0.16457960644007155
67 0.7544642857142857 0.6663685152057245 0.1392857142857143 0.13059033989266547
67 0.3151785714285714 0.20661896243291591 0.16607142857142856 0.1449016100178891
103 0.425 0.6779964221824687 0.07142857142857142 0.13237924865831843
33 0.6241071428571429 0.6475849731663685 0.11607142857142858 0.1073345259391771
33 0.15982142857142856 0.22898032200357782 0.14642857142857144 0.12701252236135957
38 0.8910714285714286 0.21377459749552774 0.0625 0.12164579606440072
38 0.8544642857142857 0.6797853309481217 0.05178571428571429 0.08944543828264759
38 0.4392857142857143 0.19499105545617174 0.06607142857142857 0.11449016100178891