29 0.6357142857142857 0.6788908765652951 0.1875 0.12701252236135957
33 0.14017857142857143 0.18962432915921287 0.14821428571428572 0.13774597495527727
20 0.79375 0.6744186046511628 0.05714285714285714 0.09123434704830054
67 0.7616071428571428 0.19409660107334525 0.16428571428571428 0.14669051878354203
33 0.11160714285714286 0.6529516994633273 0.1392857142857143 0.1037567084078712
67 0.29732142857142857 0.18694096601073346 0.15892857142857142 0.1520572450805009
67 0.26607142857142857 0.6431127012522362 0.16964285714285715 0.11985688729874776
43 0.39732142857142855 0.6395348837209303 0.06428571428571428 0.1001788908765653
24 0.6258928571428571 0.18425760286225404 0.10535714285714286 0.1520572450805009
38 0.8821428571428571 0.19051878354203935 0.0625 0.11449016100178891
52 0.41785714285714287 0.19230769230769232 0.07321428571428572 0.13059033989266547
23 0.6267857142857143 0.18604651162790697 0.10714285714285714 0.15384615384615385