96 0.22142857142857142 0.684257602862254 0.22321428571428573 0.10912343470483005
67 0.7946428571428571 0.20214669051878353 0.18571428571428572 0.1771019677996422
33 0.6223214285714286 0.1520572450805009 0.15714285714285714 0.14669051878354203
67 0.29017857142857145 0.18783542039355994 0.15357142857142858 0.11985688729874776
67 0.7633928571428571 0.6762075134168157 0.14285714285714285 0.13416815742397137
33 0.625 0.6932021466905188 0.13214285714285715 0.11270125223613596
41 0.4035714285714286 0.18604651162790697 0.055357142857142855 0.08944543828264759
33 0.14821428571428572 0.19051878354203935 0.12857142857142856 0.10196779964221825
38 0.9392857142857143 0.2370304114490161 0.075 0.12164579606440072
59 0.3794642857142857 0.6618962432915921 0.05714285714285714 0.07334525939177101
38 0.8678571428571429 0.6654740608228981 0.05714285714285714 0.1001788908765653