67 0.7794642857142857 0.21735241502683364 0.17142857142857143 0.16457960644007155
67 0.7794642857142857 0.6958855098389982 0.1767857142857143 0.16636851520572452
33 0.61875 0.6699463327370304 0.14107142857142857 0.13237924865831843
67 0.2910714285714286 0.6896243291592129 0.16428571428571428 0.1520572450805009
33 0.1419642857142857 0.20572450805008943 0.14285714285714285 0.13595706618962433
33 0.14017857142857143 0.6788908765652951 0.1375 0.13416815742397137
33 0.6205357142857143 0.2075134168157424 0.14107142857142857 0.12880143112701253
67 0.29910714285714285 0.20840787119856888 0.16785714285714284 0.16457960644007155
38 0.9142857142857143 0.7084078711985689 0.06964285714285715 0.12343470483005367
38 0.90625 0.21735241502683364 0.0625 0.1252236135957066
53 0.4232142857142857 0.2039355992844365 0.06964285714285715 0.12701252236135957
38 0.4142857142857143 0.684257602862254 0.060714285714285714 0.11627906976744186