33 0.6901785714285714 0.19499105545617174 0.10714285714285714 0.11806797853309481
67 0.3223214285714286 0.19051878354203935 0.175 0.1592128801431127
25 0.7875 0.19499105545617174 0.044642857142857144 0.10912343470483005
33 0.16160714285714287 0.22003577817531306 0.15 0.13953488372093023
67 0.27232142857142855 0.7066189624329159 0.11071428571428571 0.09302325581395349
33 0.1705357142857143 0.7012522361359571 0.09285714285714286 0.07871198568872988
67 0.7883928571428571 0.6896243291592129 0.13214285714285715 0.11449016100178891
33 0.6607142857142857 0.7146690518783542 0.125 0.10912343470483005
38 0.44910714285714287 0.16905187835420393 0.0625 0.11806797853309481
41 0.35625 0.7030411449016101 0.039285714285714285 0.06976744186046512
38 0.8794642857142857 0.6735241502683363 0.060714285714285714 0.1001788908765653