67 0.3 0.7066189624329159 0.14642857142857144 0.16457960644007155
67 0.7866071428571428 0.18962432915921287 0.18392857142857144 0.16815742397137745
33 0.6151785714285715 0.1887298747763864 0.15178571428571427 0.13416815742397137
33 0.13125 0.17978533094812166 0.14464285714285716 0.12164579606440072
67 0.2875 0.18246869409660108 0.17142857142857143 0.1413237924865832
33 0.15982142857142856 0.7003577817531306 0.13035714285714287 0.12701252236135957
38 0.9241071428571429 0.18604651162790697 0.06964285714285715 0.13237924865831843
96 0.7116071428571429 0.684257602862254 0.21607142857142858 0.11449016100178891
38 0.41785714285714287 0.7173524150268337 0.060714285714285714 0.12164579606440072
38 0.4142857142857143 0.1815742397137746 0.06607142857142857 0.11091234347048301
43 0.8669642857142857 0.6681574239713775 0.048214285714285716 0.08228980322003578