33 0.6321428571428571 0.16189624329159213 0.1375 0.13237924865831843
33 0.1375 0.19499105545617174 0.14821428571428572 0.13595706618962433
67 0.29732142857142857 0.6914132379248659 0.1732142857142857 0.1556350626118068
67 0.3044642857142857 0.20572450805008943 0.1767857142857143 0.16994633273703041
67 0.7830357142857143 0.1547406082289803 0.1625 0.16279069767441862
67 0.7616071428571428 0.7057245080500895 0.19107142857142856 0.18425760286225404
33 0.5883928571428572 0.629695885509839 0.15535714285714286 0.15742397137745975
33 0.1357142857142857 0.6887298747763864 0.14464285714285716 0.13059033989266547
38 0.4294642857142857 0.6905187835420393 0.06428571428571428 0.1252236135957066
38 0.43660714285714286 0.2110912343470483 0.06428571428571428 0.1252236135957066
38 0.9017857142857143 0.13774597495527727 0.05892857142857143 0.13416815742397137
38 0.9107142857142857 0.761180679785331 0.0875 0.12164579606440072