70 0.21428571428571427 0.1708407871198569 0.24821428571428572 0.1073345259391771
67 0.7741071428571429 0.22093023255813954 0.1625 0.14311270125223613
67 0.7482142857142857 0.6771019677996423 0.1625 0.148479427549195
67 0.29375 0.6932021466905188 0.16428571428571428 0.1592128801431127
23 0.6133928571428572 0.6762075134168157 0.10892857142857143 0.148479427549195
33 0.6214285714285714 0.21377459749552774 0.1392857142857143 0.11270125223613596
33 0.14017857142857143 0.6914132379248659 0.1392857142857143 0.13059033989266547
38 0.8964285714285715 0.22271914132379247 0.060714285714285714 0.10912343470483005
38 0.4160714285714286 0.6932021466905188 0.0625 0.12343470483005367
43 0.38125 0.1708407871198569 0.05178571428571429 0.08228980322003578
38 0.86875 0.6788908765652951 0.06607142857142857 0.12164579606440072