50 0.6866071428571429 0.6887298747763864 0.18928571428571428 0.148479427549195
55 0.6508928571428572 0.17620751341681573 0.17857142857142858 0.1735241502683363
67 0.3125 0.6851520572450805 0.18571428571428572 0.17173524150268335
67 0.8232142857142857 0.17889087656529518 0.16964285714285715 0.1967799642218247
33 0.14107142857142857 0.6368515205724508 0.15178571428571427 0.13774597495527727
67 0.28660714285714284 0.22898032200357782 0.1375 0.10912343470483005
81 0.8294642857142858 0.6967799642218246 0.05178571428571429 0.1073345259391771
99 0.59375 0.3354203935599284 0.06428571428571428 0.15026833631484796
33 0.16071428571428573 0.27549194991055453 0.125 0.1037567084078712
38 0.45535714285714285 0.7200357781753131 0.07321428571428572 0.11627906976744186
38 0.3830357142857143 0.1967799642218247 0.05357142857142857 0.09302325581395349