76 0.2598214285714286 0.686046511627907 0.3464285714285714 0.14669051878354203
55 0.15892857142857142 0.19856887298747763 0.19642857142857142 0.16636851520572452
55 0.6446428571428572 0.19856887298747763 0.1875 0.16815742397137745
67 0.78125 0.6905187835420393 0.16785714285714284 0.1556350626118068
67 0.8294642857142858 0.19409660107334525 0.1875 0.18604651162790697
67 0.34732142857142856 0.19409660107334525 0.18928571428571428 0.19141323792486584
33 0.6267857142857143 0.6726296958855098 0.1375 0.1252236135957066
43 0.1 0.8220035778175313 0.06428571428571428 0.11091234347048301
38 0.9098214285714286 0.7012522361359571 0.0625 0.11627906976744186
99 0.08303571428571428 0.3300536672629696 0.06785714285714285 0.15742397137745975
99 0.5696428571428571 0.33273703041144903 0.07142857142857142 0.1520572450805009