23 0.13214285714285715 0.6645796064400715 0.06428571428571428 0.08944543828264759
67 0.7767857142857143 0.2075134168157424 0.1625 0.16100178890876565
67 0.30178571428571427 0.19499105545617174 0.16785714285714284 0.1520572450805009
33 0.6241071428571429 0.2075134168157424 0.14107142857142857 0.13059033989266547
67 0.7553571428571428 0.6815742397137746 0.14107142857142857 0.10196779964221825
33 0.1455357142857143 0.21645796064400716 0.14642857142857144 0.12701252236135957
17 0.42589285714285713 0.17889087656529518 0.06964285714285715 0.11270125223613596
53 0.8973214285714286 0.2039355992844365 0.06428571428571428 0.12701252236135957
33 0.6258928571428571 0.7057245080500895 0.12321428571428572 0.09123434704830054
67 0.2125 0.6636851520572451 0.09821428571428571 0.09123434704830054
41 0.28482142857142856 0.6610017889087657 0.0375 0.06797853309481217
38 0.85625 0.6610017889087657 0.05178571428571429 0.08050089445438283