31 0.8455357142857143 0.19320214669051877 0.0625 0.10554561717352415
23 0.61875 0.1887298747763864 0.0875 0.12343470483005367
67 0.7258928571428571 0.19051878354203935 0.12678571428571428 0.12343470483005367
67 0.28660714285714284 0.667262969588551 0.16607142857142856 0.16100178890876565
33 0.13214285714285715 0.6663685152057245 0.14285714285714285 0.12880143112701253
67 0.7482142857142857 0.6708407871198568 0.12857142857142856 0.09838998211091235
33 0.63125 0.682468694096601 0.11071428571428571 0.09302325581395349
43 0.13035714285714287 0.26654740608228983 0.05714285714285714 0.10912343470483005
52 0.4107142857142857 0.6708407871198568 0.06964285714285715 0.1252236135957066
43 0.8446428571428571 0.6636851520572451 0.05 0.08050089445438283
56 0.26875 0.1708407871198569 0.32142857142857145 0.13595706618962433