42 0.22142857142857142 0.17262969588550983 0.25357142857142856 0.11449016100178891
33 0.6285714285714286 0.6851520572450805 0.1375 0.1252236135957066
67 0.78125 0.22003577817531306 0.1732142857142857 0.16994633273703041
67 0.7794642857142857 0.6878354203935599 0.16428571428571428 0.14669051878354203
33 0.6196428571428572 0.2334525939177102 0.14464285714285716 0.13595706618962433
67 0.28035714285714286 0.6779964221824687 0.16964285714285715 0.1520572450805009
38 0.9080357142857143 0.2110912343470483 0.06607142857142857 0.13059033989266547
43 0.38125 0.14669051878354203 0.04642857142857143 0.08228980322003578
38 0.9017857142857143 0.6851520572450805 0.05892857142857143 0.11449016100178891
23 0.14375 0.7531305903398927 0.11428571428571428 0.13953488372093023
38 0.3982142857142857 0.6198568872987478 0.06785714285714285 0.11449016100178891