16 0.19375 0.1771019677996422 0.25 0.20214669051878353
33 0.6455357142857143 0.6923076923076923 0.12321428571428572 0.10554561717352415
53 0.8866071428571428 0.6869409660107334 0.05357142857142857 0.1001788908765653
33 0.16428571428571428 0.6663685152057245 0.1375 0.12343470483005367
67 0.30714285714285716 0.6636851520572451 0.14464285714285716 0.13059033989266547
67 0.7794642857142857 0.6923076923076923 0.14464285714285716 0.12701252236135957
67 0.7758928571428572 0.21198568872987478 0.1732142857142857 0.16100178890876565
33 0.6125 0.2182468694096601 0.15 0.12880143112701253
71 0.39464285714285713 0.18604651162790697 0.07321428571428572 0.15026833631484796
38 0.9071428571428571 0.20304114490161002 0.06964285714285715 0.12164579606440072
20 0.41160714285714284 0.6618962432915921 0.05892857142857143 0.11091234347048301