61 0.7196428571428571 0.6162790697674418 0.16428571428571428 0.1771019677996422
55 0.6375 0.23166368515205724 0.15178571428571427 0.1520572450805009
67 0.7901785714285714 0.2110912343470483 0.15714285714285714 0.15384615384615385
67 0.29375 0.684257602862254 0.16964285714285715 0.16457960644007155
67 0.29642857142857143 0.21198568872987478 0.1732142857142857 0.1520572450805009
33 0.13482142857142856 0.6797853309481217 0.14285714285714285 0.12880143112701253
33 0.13482142857142856 0.20840787119856888 0.14642857142857144 0.12164579606440072
38 0.42589285714285713 0.20661896243291591 0.06964285714285715 0.12164579606440072
38 0.4205357142857143 0.684257602862254 0.06428571428571428 0.12164579606440072
17 0.83125 0.6323792486583184 0.04285714285714286 0.12701252236135957
45 0.9017857142857143 0.1967799642218247 0.06607142857142857 0.1252236135957066