42 0.2375 0.6779964221824687 0.24285714285714285 0.16457960644007155
87 0.7267857142857143 0.15831842576028624 0.2125 0.09481216457960644
45 0.425 0.6753130590339893 0.0625 0.13774597495527727
33 0.6258928571428571 0.7003577817531306 0.15714285714285714 0.1520572450805009
67 0.7982142857142858 0.6699463327370304 0.17857142857142858 0.16815742397137745
67 0.28035714285714286 0.22719141323792486 0.14107142857142857 0.1592128801431127
55 0.14732142857142858 0.18246869409660108 0.12857142857142856 0.13237924865831843
99 0.38660714285714287 0.24150268336314848 0.06428571428571428 0.13416815742397137
43 0.8821428571428571 0.16189624329159213 0.05 0.07513416815742398
55 0.14732142857142858 0.18336314847942756 0.12678571428571428 0.13416815742397137
38 0.9258928571428572 0.6574239713774598 0.06964285714285715 0.13595706618962433
92 0.9258928571428572 0.6583184257602862 0.06785714285714285 0.13774597495527727