62 0.8330357142857143 0.7298747763864043 0.05 0.09838998211091235
85 0.13392857142857142 0.6493738819320215 0.13214285714285715 0.11449016100178891
47 0.6964285714285714 0.7316636851520573 0.14821428571428572 0.1073345259391771
55 0.6473214285714286 0.1744186046511628 0.19464285714285715 0.17889087656529518
67 0.29642857142857143 0.19588550983899822 0.16785714285714284 0.16457960644007155
33 0.14017857142857143 0.19767441860465115 0.14285714285714285 0.12701252236135957
67 0.8357142857142857 0.18962432915921287 0.18571428571428572 0.20214669051878353
67 0.2830357142857143 0.6601073345259392 0.1625 0.13237924865831843
38 0.4232142857142857 0.1887298747763864 0.06607142857142857 0.13059033989266547
99 0.5848214285714286 0.31305903398926654 0.06428571428571428 0.1520572450805009
43 0.4160714285714286 0.6735241502683363 0.060714285714285714 0.09660107334525939