67 0.2875 0.6967799642218246 0.16071428571428573 0.148479427549195
67 0.7732142857142857 0.7209302325581395 0.16785714285714284 0.1592128801431127
67 0.7883928571428571 0.21735241502683364 0.16071428571428573 0.15742397137745975
55 0.14732142857142858 0.23434704830053668 0.15357142857142858 0.11806797853309481
33 0.6160714285714286 0.7048300536672629 0.1392857142857143 0.12880143112701253
67 0.3026785714285714 0.22540250447227192 0.15714285714285714 0.1252236135957066
33 0.13839285714285715 0.6923076923076923 0.13214285714285715 0.13416815742397137
33 0.6366071428571428 0.20572450805008943 0.1375 0.12701252236135957
98 0.42410714285714285 0.21377459749552774 0.05357142857142857 0.1073345259391771
103 0.9071428571428571 0.22093023255813954 0.06607142857142857 0.12164579606440072
41 0.9026785714285714 0.7280858676207513 0.06428571428571428 0.11806797853309481
20 0.41160714285714284 0.7048300536672629 0.0625 0.11270125223613596