68 0.2080357142857143 0.6592128801431127 0.3392857142857143 0.17531305903398928
67 0.29375 0.19588550983899822 0.15178571428571427 0.13059033989266547
67 0.78125 0.723613595706619 0.14821428571428572 0.13595706618962433
33 0.15267857142857144 0.19230769230769232 0.12678571428571428 0.10912343470483005
33 0.6455357142857143 0.7307692307692307 0.12321428571428572 0.11270125223613596
50 0.7116071428571429 0.2101967799642218 0.25535714285714284 0.11985688729874776
59 0.44642857142857145 0.6726296958855098 0.055357142857142855 0.11449016100178891
41 0.8875 0.7164579606440071 0.055357142857142855 0.10554561717352415
99 0.8741071428571429 0.2110912343470483 0.06607142857142857 0.10196779964221825
52 0.40535714285714286 0.19856887298747763 0.05892857142857143 0.1037567084078712
52 0.40535714285714286 0.19856887298747763 0.05892857142857143 0.10196779964221825