37 0.6857142857142857 0.17889087656529518 0.14642857142857144 0.12343470483005367
67 0.27767857142857144 0.2262969588550984 0.16071428571428573 0.13595706618962433
67 0.7883928571428571 0.7030411449016101 0.14285714285714285 0.13595706618962433
33 0.12946428571428573 0.2110912343470483 0.13035714285714287 0.10912343470483005
33 0.14285714285714285 0.7423971377459749 0.0875 0.07155635062611806
67 0.2392857142857143 0.721824686940966 0.10357142857142858 0.08407871198568873
33 0.6526785714285714 0.6762075134168157 0.125 0.11091234347048301
38 0.8955357142857143 0.7280858676207513 0.055357142857142855 0.09123434704830054
38 0.4 0.23971377459749552 0.05892857142857143 0.09660107334525939
43 0.7982142857142858 0.15831842576028624 0.044642857142857144 0.09123434704830054
38 0.3151785714285714 0.7075134168157424 0.03571428571428571 0.06618962432915922