78 0.2294642857142857 0.6457960644007156 0.18035714285714285 0.11627906976744186
95 0.7205357142857143 0.667262969588551 0.2625 0.16994633273703041
52 0.35446428571428573 0.6520572450805009 0.04107142857142857 0.08407871198568873
67 0.25625 0.20840787119856888 0.19107142857142856 0.11627906976744186
67 0.8223214285714285 0.24239713774597496 0.15178571428571427 0.1806797853309481
23 0.11160714285714286 0.2110912343470483 0.09285714285714286 0.12164579606440072
55 0.6696428571428571 0.16457960644007155 0.15892857142857142 0.16636851520572452
43 0.9080357142857143 0.7200357781753131 0.05178571428571429 0.08228980322003578
67 0.7785714285714286 0.22540250447227192 0.05714285714285714 0.15742397137745975
20 0.39375 0.21377459749552774 0.06607142857142857 0.09302325581395349
31 0.39375 0.21377459749552774 0.06607142857142857 0.09302325581395349