85 0.14821428571428572 0.6627906976744186 0.0875 0.09660107334525939
88 0.2044642857142857 0.22093023255813954 0.20535714285714285 0.16636851520572452
67 0.7741071428571429 0.682468694096601 0.16964285714285715 0.16279069767441862
33 0.6214285714285714 0.2101967799642218 0.15357142857142858 0.13237924865831843
67 0.7866071428571428 0.21735241502683364 0.175 0.16636851520572452
33 0.6169642857142857 0.6744186046511628 0.14285714285714285 0.12880143112701253
67 0.2526785714285714 0.6958855098389982 0.1125 0.11091234347048301
38 0.9026785714285714 0.684257602862254 0.0625 0.1252236135957066
38 0.9214285714285714 0.2146690518783542 0.06785714285714285 0.13059033989266547
11 0.34375 0.7200357781753131 0.04285714285714286 0.09123434704830054
31 0.35267857142857145 0.23166368515205724 0.05 0.12343470483005367
20 0.35267857142857145 0.23255813953488372 0.048214285714285716 0.12343470483005367