67 0.29464285714285715 0.6905187835420393 0.16428571428571428 0.16636851520572452
33 0.14285714285714285 0.6958855098389982 0.1375 0.13595706618962433
67 0.7910714285714285 0.667262969588551 0.19285714285714287 0.1771019677996422
33 0.6160714285714286 0.7146690518783542 0.1625 0.1556350626118068
67 0.29017857142857145 0.2110912343470483 0.17142857142857143 0.1556350626118068
33 0.13125 0.2101967799642218 0.14464285714285716 0.12701252236135957
101 0.9098214285714286 0.19320214669051877 0.07678571428571429 0.11091234347048301
38 0.9339285714285714 0.6341681574239714 0.075 0.1449016100178891
52 0.41875 0.6833631484794276 0.06964285714285715 0.13059033989266547
74 0.69375 0.1806797853309481 0.325 0.14669051878354203
32 0.41696428571428573 0.2039355992844365 0.06607142857142857 0.12880143112701253