85 0.15446428571428572 0.1547406082289803 0.17142857142857143 0.18783542039355994
94 0.22589285714285715 0.6663685152057245 0.22142857142857142 0.11627906976744186
33 0.6285714285714286 0.6878354203935599 0.13392857142857142 0.13059033989266547
67 0.7714285714285715 0.18425760286225404 0.17857142857142858 0.15026833631484796
67 0.775 0.7093023255813954 0.15178571428571427 0.15026833631484796
67 0.3267857142857143 0.17531305903398928 0.17142857142857143 0.20572450805008943
33 0.6098214285714286 0.17978533094812166 0.14821428571428572 0.13416815742397137
11 0.8857142857142857 0.7182468694096601 0.05714285714285714 0.11449016100178891
99 0.43839285714285714 0.1851520572450805 0.07857142857142857 0.1771019677996422
59 0.3919642857142857 0.6663685152057245 0.0625 0.08050089445438283
41 0.8991071428571429 0.1851520572450805 0.07321428571428572 0.12343470483005367