33 0.14910714285714285 0.20840787119856888 0.14285714285714285 0.13595706618962433
67 0.30357142857142855 0.20661896243291591 0.1625 0.16100178890876565
33 0.61875 0.18962432915921287 0.14642857142857144 0.13595706618962433
67 0.7741071428571429 0.18783542039355994 0.17142857142857143 0.1592128801431127
67 0.2892857142857143 0.6896243291592129 0.11428571428571428 0.12880143112701253
91 0.7223214285714286 0.6556350626118068 0.25535714285714284 0.11985688729874776
43 0.8839285714285714 0.6413237924865832 0.05892857142857143 0.07692307692307693
38 0.42232142857142857 0.19767441860465115 0.06785714285714285 0.13059033989266547
33 0.16875 0.7119856887298748 0.11964285714285715 0.12343470483005367
99 0.8883928571428571 0.18694096601073346 0.07321428571428572 0.13953488372093023
11 0.3669642857142857 0.669051878354204 0.048214285714285716 0.10554561717352415