67 0.775 0.19856887298747763 0.16964285714285715 0.17173524150268335
67 0.7955357142857142 0.686046511627907 0.18571428571428572 0.1735241502683363
33 0.15 0.2039355992844365 0.13214285714285715 0.15384615384615385
33 0.6160714285714286 0.18962432915921287 0.14642857142857144 0.13416815742397137
33 0.6241071428571429 0.6368515205724508 0.15535714285714286 0.14311270125223613
33 0.13125 0.6618962432915921 0.14285714285714285 0.11985688729874776
67 0.2892857142857143 0.6636851520572451 0.16964285714285715 0.1449016100178891
38 0.9026785714285714 0.20304114490161002 0.06428571428571428 0.12880143112701253
67 0.29375 0.20930232558139536 0.15892857142857142 0.16100178890876565
38 0.9392857142857143 0.7200357781753131 0.07678571428571429 0.11985688729874776
38 0.4133928571428571 0.6663685152057245 0.06607142857142857 0.11091234347048301