85 0.5946428571428571 0.6377459749552773 0.13035714285714287 0.10912343470483005
33 0.175 0.7155635062611807 0.11785714285714285 0.1037567084078712
67 0.30178571428571427 0.7164579606440071 0.1392857142857143 0.12164579606440072
67 0.7401785714285715 0.6046511627906976 0.16428571428571428 0.12343470483005367
38 0.4035714285714286 0.7182468694096601 0.05357142857142857 0.08944543828264759
59 0.8651785714285715 0.5822898032200358 0.06607142857142857 0.08765652951699464
31 0.34464285714285714 0.19767441860465115 0.075 0.12164579606440072
45 0.8723214285714286 0.2441860465116279 0.06964285714285715 0.1073345259391771
67 0.7625 0.2075134168157424 0.13214285714285715 0.1520572450805009
13 0.22142857142857142 0.2039355992844365 0.16785714285714284 0.148479427549195
45 0.8723214285714286 0.2441860465116279 0.06964285714285715 0.10554561717352415