63 0.70625 0.646690518783542 0.16071428571428573 0.17531305903398928
67 0.29196428571428573 0.19230769230769232 0.16964285714285715 0.1520572450805009
33 0.13392857142857142 0.20125223613595708 0.14285714285714285 0.12164579606440072
55 0.6482142857142857 0.23613595706618962 0.12678571428571428 0.13237924865831843
67 0.7732142857142857 0.23613595706618962 0.12857142857142856 0.13953488372093023
25 0.8205357142857143 0.6475849731663685 0.04285714285714286 0.11627906976744186
99 0.8705357142857143 0.22898032200357782 0.060714285714285714 0.13774597495527727
67 0.21964285714285714 0.7075134168157424 0.10714285714285714 0.07155635062611806
41 0.4205357142857143 0.1851520572450805 0.06428571428571428 0.11627906976744186
23 0.18367857142857144 0.7104472271914132 0.06632142857142857 0.07667262969588551
20 0.2767857142857143 0.7219499105545617 0.04846428571428572 0.06899821109123434