70 0.20089285714285715 0.13148479427549195 0.25357142857142856 0.11806797853309481
97 0.6946428571428571 0.16994633273703041 0.1767857142857143 0.11806797853309481
55 0.6482142857142857 0.7459749552772809 0.13392857142857142 0.11985688729874776
67 0.78125 0.7307692307692307 0.12678571428571428 0.12701252236135957
67 0.2875 0.6878354203935599 0.18392857142857144 0.1806797853309481
33 0.12410714285714286 0.6323792486583184 0.14285714285714285 0.1520572450805009
38 0.4303571428571429 0.7271914132379249 0.07678571428571429 0.12343470483005367
43 0.3767857142857143 0.129695885509839 0.055357142857142855 0.09302325581395349
43 0.83125 0.18425760286225404 0.048214285714285716 0.08765652951699464
31 0.8732142857142857 0.723613595706619 0.05357142857142857 0.09481216457960644
45 0.8732142857142857 0.7227191413237924 0.055357142857142855 0.09481216457960644