67 0.7785714285714286 0.18962432915921287 0.16785714285714284 0.1520572450805009
33 0.6232142857142857 0.18694096601073346 0.1392857142857143 0.12164579606440072
67 0.3 0.6627906976744186 0.1392857142857143 0.1001788908765653
67 0.8098214285714286 0.6422182468694096 0.16964285714285715 0.16100178890876565
33 0.1705357142857143 0.6645796064400715 0.11607142857142858 0.08944543828264759
33 0.6473214285714286 0.6932021466905188 0.16071428571428573 0.1556350626118068
38 0.8991071428571429 0.18783542039355994 0.060714285714285714 0.11449016100178891
43 0.40982142857142856 0.6654740608228981 0.05357142857142857 0.08586762075134168
57 0.21071428571428572 0.18783542039355994 0.225 0.12701252236135957
59 0.3678571428571429 0.16994633273703041 0.06607142857142857 0.08228980322003578
38 0.9276785714285715 0.6153846153846154 0.06964285714285715 0.13059033989266547