82 0.2044642857142857 0.18694096601073346 0.16428571428571428 0.10554561717352415
91 0.27232142857142855 0.6878354203935599 0.16071428571428573 0.13953488372093023
45 0.35982142857142857 0.18336314847942756 0.06428571428571428 0.08765652951699464
67 0.7678571428571429 0.19588550983899822 0.17142857142857143 0.1592128801431127
33 0.6116071428571429 0.1708407871198569 0.1375 0.13416815742397137
33 0.6098214285714286 0.684257602862254 0.15357142857142858 0.1252236135957066
67 0.7776785714285714 0.6788908765652951 0.18214285714285713 0.14669051878354203
41 0.8982142857142857 0.2101967799642218 0.0625 0.11270125223613596
38 0.9098214285714286 0.6735241502683363 0.06964285714285715 0.11627906976744186
62 0.38571428571428573 0.6976744186046512 0.04107142857142857 0.09838998211091235
62 0.38660714285714287 0.6976744186046512 0.039285714285714285 0.09838998211091235