16 0.7026785714285714 0.6574239713774598 0.1982142857142857 0.11270125223613596
67 0.29642857142857143 0.6887298747763864 0.17142857142857143 0.1592128801431127
33 0.13482142857142856 0.686046511627907 0.14464285714285716 0.12880143112701253
17 0.8348214285714286 0.23881932021466906 0.04285714285714286 0.057245080500894455
67 0.29732142857142857 0.19320214669051877 0.1767857142857143 0.1592128801431127
67 0.7464285714285714 0.23434704830053668 0.11607142857142858 0.07513416815742398
33 0.6410714285714286 0.22808586762075134 0.09464285714285714 0.06797853309481217
33 0.1375 0.1806797853309481 0.14464285714285716 0.13237924865831843
38 0.42678571428571427 0.6887298747763864 0.06607142857142857 0.12701252236135957
43 0.84375 0.667262969588551 0.06607142857142857 0.09302325581395349
98 0.4205357142857143 0.20483005366726298 0.06428571428571428 0.13416815742397137