33 0.12946428571428573 0.686046511627907 0.15178571428571427 0.13595706618962433
67 0.29464285714285715 0.6735241502683363 0.1767857142857143 0.17531305903398928
67 0.7767857142857143 0.1851520572450805 0.15178571428571427 0.15026833631484796
23 0.6553571428571429 0.6404293381037567 0.075 0.11270125223613596
67 0.7526785714285714 0.6905187835420393 0.11785714285714285 0.14311270125223613
41 0.8794642857142857 0.1708407871198569 0.06607142857142857 0.11627906976744186
33 0.1875 0.20125223613595708 0.15357142857142858 0.1073345259391771
67 0.34910714285714284 0.20661896243291591 0.1767857142857143 0.11627906976744186
43 0.13303571428571428 0.30143112701252234 0.060714285714285714 0.09660107334525939
38 0.4357142857142857 0.6627906976744186 0.07142857142857142 0.13237924865831843
33 0.6330357142857143 0.20840787119856888 0.1392857142857143 0.1252236135957066
38 0.8419642857142857 0.7379248658318426 0.05 0.09481216457960644