16 0.19642857142857142 0.6744186046511628 0.25892857142857145 0.13595706618962433
67 0.7544642857142857 0.19499105545617174 0.175 0.14311270125223613
67 0.7553571428571428 0.6556350626118068 0.15892857142857142 0.148479427549195
33 0.15178571428571427 0.22003577817531306 0.14107142857142857 0.11449016100178891
67 0.29375 0.19588550983899822 0.14464285714285716 0.12880143112701253
33 0.5919642857142857 0.21377459749552774 0.15 0.11449016100178891
33 0.6071428571428571 0.7039355992844365 0.15 0.13416815742397137
38 0.8651785714285715 0.629695885509839 0.07857142857142857 0.12164579606440072
43 0.38571428571428573 0.6717352415026834 0.06964285714285715 0.1073345259391771
38 0.8794642857142857 0.18246869409660108 0.06428571428571428 0.1073345259391771
71 0.39464285714285713 0.1806797853309481 0.055357142857142855 0.1001788908765653