47 0.6821428571428572 0.6815742397137746 0.25535714285714284 0.17889087656529518
67 0.7839285714285714 0.21735241502683364 0.14464285714285716 0.1413237924865832
67 0.3026785714285714 0.19409660107334525 0.1357142857142857 0.11985688729874776
33 0.1732142857142857 0.24239713774597496 0.12678571428571428 0.11449016100178891
33 0.6491071428571429 0.2075134168157424 0.12321428571428572 0.12343470483005367
33 0.14821428571428572 0.6976744186046512 0.1125 0.08228980322003578
43 0.8821428571428571 0.6574239713774598 0.09464285714285714 0.16815742397137745
38 0.8910714285714286 0.2182468694096601 0.0625 0.11091234347048301
67 0.2598214285714286 0.6663685152057245 0.12321428571428572 0.09302325581395349
59 0.34732142857142856 0.6404293381037567 0.055357142857142855 0.06976744186046512
53 0.39732142857142855 0.16368515205724507 0.05892857142857143 0.1001788908765653