102 0.1982142857142857 0.16279069767441862 0.23035714285714284 0.13595706618962433
67 0.30089285714285713 0.7110912343470484 0.1732142857142857 0.1252236135957066
33 0.6071428571428571 0.2584973166368515 0.1875 0.13774597495527727
17 0.4330357142857143 0.7128801431127012 0.06964285714285715 0.08944543828264759
67 0.7928571428571428 0.18336314847942756 0.19464285714285715 0.14311270125223613
67 0.7178571428571429 0.6574239713774598 0.15535714285714286 0.1037567084078712
23 0.5910714285714286 0.6583184257602862 0.09464285714285714 0.10196779964221825
33 0.1375 0.7066189624329159 0.14642857142857144 0.1037567084078712
59 0.3607142857142857 0.129695885509839 0.06607142857142857 0.07513416815742398
38 0.9294642857142857 0.12880143112701253 0.06607142857142857 0.10196779964221825
43 0.8428571428571429 0.6601073345259392 0.06428571428571428 0.08765652951699464