15 0.22678571428571428 0.6431127012522362 0.20892857142857144 0.14311270125223613
35 0.39553571428571427 0.6431127012522362 0.0625 0.11449016100178891
33 0.15178571428571427 0.20304114490161002 0.13035714285714287 0.13059033989266547
67 0.29375 0.21377459749552774 0.15357142857142858 0.14669051878354203
67 0.74375 0.21914132379248658 0.11607142857142858 0.08944543828264759
67 0.7866071428571428 0.6914132379248659 0.18392857142857144 0.08407871198568873
33 0.6357142857142857 0.21914132379248658 0.09821428571428571 0.08050089445438283
31 0.40714285714285714 0.21288014311270126 0.0625 0.11091234347048301
33 0.6116071428571429 0.6896243291592129 0.15535714285714286 0.07334525939177101
38 0.9276785714285715 0.6887298747763864 0.060714285714285714 0.06618962432915922
38 0.8303571428571429 0.21645796064400716 0.04285714285714286 0.06976744186046512