67 0.3080357142857143 0.6887298747763864 0.1732142857142857 0.1520572450805009
67 0.7758928571428572 0.2101967799642218 0.15357142857142858 0.1413237924865832
67 0.7839285714285714 0.7003577817531306 0.16964285714285715 0.1413237924865832
67 0.29642857142857143 0.20483005366726298 0.17142857142857143 0.16100178890876565
33 0.14375 0.6887298747763864 0.14821428571428572 0.12343470483005367
33 0.1392857142857143 0.19946332737030412 0.14107142857142857 0.13416815742397137
33 0.6348214285714285 0.2110912343470483 0.12857142857142856 0.11270125223613596
38 0.42232142857142857 0.20304114490161002 0.06428571428571428 0.12164579606440072
38 0.44107142857142856 0.6833631484794276 0.06607142857142857 0.12343470483005367
33 0.6294642857142857 0.6967799642218246 0.14107142857142857 0.11985688729874776
38 0.8910714285714286 0.20572450805008943 0.05714285714285714 0.1073345259391771
38 0.9089285714285714 0.7012522361359571 0.06785714285714285 0.11449016100178891