55 0.18214285714285713 0.6896243291592129 0.1375 0.13595706618962433
98 0.45 0.6654740608228981 0.05 0.13416815742397137
67 0.29910714285714285 0.1887298747763864 0.16071428571428573 0.16100178890876565
67 0.32142857142857145 0.6771019677996423 0.1357142857142857 0.13595706618962433
33 0.14642857142857144 0.18425760286225404 0.1375 0.13416815742397137
33 0.6491071428571429 0.6833631484794276 0.12321428571428572 0.12343470483005367
67 0.7839285714285714 0.6833631484794276 0.14821428571428572 0.14311270125223613
67 0.7785714285714286 0.2262969588550984 0.16071428571428573 0.15026833631484796
33 0.6339285714285714 0.16815742397137745 0.125 0.1252236135957066
99 0.8901785714285714 0.682468694096601 0.05892857142857143 0.11627906976744186
38 0.8964285714285715 0.27549194991055453 0.0625 0.10196779964221825
32 0.41875 0.18336314847942756 0.0625 0.12880143112701253