97 0.2125 0.6851520572450805 0.1982142857142857 0.1592128801431127
67 0.28035714285714286 0.20125223613595708 0.18035714285714285 0.16636851520572452
67 0.8232142857142857 0.684257602862254 0.175 0.1592128801431127
33 0.6491071428571429 0.6806797853309481 0.175 0.13953488372093023
93 0.68125 0.17531305903398928 0.14464285714285716 0.16636851520572452
53 0.4125 0.20125223613595708 0.07142857142857142 0.12701252236135957
99 0.5892857142857143 0.8130590339892666 0.05714285714285714 0.14669051878354203
25 0.7848214285714286 0.1779964221824687 0.04285714285714286 0.11449016100178891
23 0.13125 0.19320214669051877 0.11607142857142858 0.16279069767441862
23 0.13035714285714287 0.19230769230769232 0.11607142857142858 0.1592128801431127
53 0.3482142857142857 0.6949910554561717 0.075 0.13237924865831843
53 0.3482142857142857 0.6940966010733453 0.07678571428571429 0.13416815742397137