67 0.29285714285714287 0.6771019677996423 0.15892857142857142 0.15742397137745975
67 0.7732142857142857 0.6636851520572451 0.17142857142857143 0.15384615384615385
33 0.1419642857142857 0.6806797853309481 0.1375 0.13416815742397137
33 0.6276785714285714 0.21735241502683364 0.1375 0.13416815742397137
33 0.6160714285714286 0.6547406082289803 0.1375 0.12701252236135957
67 0.7758928571428572 0.22898032200357782 0.16071428571428573 0.16100178890876565
67 0.2741071428571429 0.21198568872987478 0.125 0.13059033989266547
33 0.15 0.26475849731663686 0.12678571428571428 0.12701252236135957
38 0.4133928571428571 0.6699463327370304 0.06428571428571428 0.1252236135957066
38 0.9026785714285714 0.6618962432915921 0.06428571428571428 0.1252236135957066
11 0.8892857142857142 0.240608228980322 0.05892857142857143 0.11806797853309481
43 0.36591071428571426 0.17924865831842576 0.04235714285714286 0.1097495527728086