44 0.21875 0.18336314847942756 0.16964285714285715 0.12164579606440072
44 0.19732142857142856 0.7146690518783542 0.1767857142857143 0.16636851520572452
67 0.7901785714285714 0.6994633273703041 0.14464285714285716 0.15384615384615385
33 0.6419642857142858 0.21556350626118068 0.11428571428571428 0.12164579606440072
67 0.7633928571428571 0.21556350626118068 0.12857142857142856 0.13953488372093023
43 0.3482142857142857 0.19320214669051877 0.05 0.08765652951699464
48 0.34017857142857144 0.7200357781753131 0.05357142857142857 0.11985688729874776
55 0.65 0.7084078711985689 0.14107142857142857 0.14311270125223613
38 0.8589285714285714 0.21288014311270126 0.055357142857142855 0.11091234347048301
41 0.8580357142857142 0.2110912343470483 0.05357142857142857 0.10912343470483005
101 0.9008928571428572 0.6940966010733453 0.06785714285714285 0.11806797853309481