67 0.775 0.7021466905187835 0.15 0.15742397137745975
33 0.6723214285714286 0.14669051878354203 0.16964285714285715 0.1592128801431127
33 0.13839285714285715 0.6762075134168157 0.1392857142857143 0.13595706618962433
67 0.2892857142857143 0.6762075134168157 0.16785714285714284 0.15742397137745975
67 0.3142857142857143 0.16547406082289803 0.15178571428571427 0.14311270125223613
55 0.16428571428571428 0.2522361359570662 0.15357142857142858 0.16636851520572452
67 0.8410714285714286 0.1520572450805009 0.16964285714285715 0.2003577817531306
33 0.6357142857142857 0.7066189624329159 0.11964285714285715 0.13416815742397137
99 0.6151785714285715 0.3184257602862254 0.08392857142857142 0.16457960644007155
99 0.8803571428571428 0.6833631484794276 0.05178571428571429 0.13416815742397137
99 0.4035714285714286 0.6717352415026834 0.06607142857142857 0.13237924865831843
45 0.42232142857142857 0.11806797853309481 0.06785714285714285 0.11627906976744186