66 0.6714285714285714 0.17531305903398928 0.12857142857142856 0.14669051878354203
55 0.61875 0.6735241502683363 0.15 0.1413237924865832
67 0.76875 0.6529516994633273 0.15 0.1556350626118068
67 0.35267857142857145 0.2075134168157424 0.14642857142857144 0.1520572450805009
67 0.2741071428571429 0.7191413237924866 0.12142857142857143 0.09660107334525939
41 0.8830357142857143 0.6431127012522362 0.05714285714285714 0.10912343470483005
33 0.15089285714285713 0.7245080500894454 0.11607142857142858 0.08228980322003578
55 0.21696428571428572 0.2101967799642218 0.12321428571428572 0.14311270125223613
38 0.36607142857142855 0.7128801431127012 0.05178571428571429 0.07155635062611806
11 0.7660714285714286 0.16457960644007155 0.039285714285714285 0.10554561717352415
59 0.16607142857142856 0.32737030411449014 0.04285714285714286 0.1037567084078712