85 0.6116071428571429 0.16905187835420393 0.12142857142857143 0.09123434704830054
76 0.15803571428571428 0.20483005366726298 0.175 0.13059033989266547
67 0.7803571428571429 0.6994633273703041 0.16785714285714284 0.1520572450805009
33 0.6258928571428571 0.7039355992844365 0.1392857142857143 0.1252236135957066
33 0.1419642857142857 0.684257602862254 0.1375 0.13237924865831843
67 0.29017857142857145 0.7119856887298748 0.16071428571428573 0.1449016100178891
67 0.7589285714285714 0.17620751341681573 0.1625 0.1037567084078712
38 0.9053571428571429 0.6905187835420393 0.060714285714285714 0.12164579606440072
71 0.31607142857142856 0.20930232558139536 0.05714285714285714 0.1001788908765653
59 0.8946428571428572 0.1806797853309481 0.060714285714285714 0.08050089445438283
98 0.40714285714285714 0.7164579606440071 0.05178571428571429 0.12164579606440072