63 0.6732142857142858 0.6404293381037567 0.24642857142857144 0.11270125223613596
67 0.3107142857142857 0.7361359570661896 0.16964285714285715 0.17531305903398928
55 0.6125 0.1851520572450805 0.14285714285714285 0.1001788908765653
33 0.15089285714285713 0.7397137745974955 0.14642857142857144 0.13774597495527727
67 0.7535714285714286 0.18246869409660108 0.14464285714285716 0.10554561717352415
67 0.21696428571428572 0.27191413237924866 0.12857142857142856 0.2558139534883721
41 0.4401785714285714 0.7325581395348837 0.06428571428571428 0.1252236135957066
59 0.8428571428571429 0.6261180679785331 0.05178571428571429 0.06797853309481217
59 0.8660714285714286 0.18336314847942756 0.06607142857142857 0.07692307692307693
23 0.10907142857142857 0.2930590339892665 0.07632142857142858 0.16792486583184257
32 0.30191071428571425 0.25549194991055457 0.0335 0.13491949910554563