67 0.29642857142857143 0.2003577817531306 0.16964285714285715 0.16815742397137745
67 0.2857142857142857 0.7021466905187835 0.14642857142857144 0.16636851520572452
55 0.14821428571428572 0.6574239713774598 0.1375 0.1520572450805009
67 0.78125 0.7021466905187835 0.1392857142857143 0.13774597495527727
33 0.1357142857142857 0.19230769230769232 0.15 0.13953488372093023
33 0.65 0.7012522361359571 0.11785714285714285 0.12343470483005367
33 0.6392857142857142 0.21288014311270126 0.125 0.12164579606440072
67 0.7794642857142857 0.21288014311270126 0.15714285714285714 0.13774597495527727
99 0.39375 0.7146690518783542 0.05714285714285714 0.13774597495527727
99 0.8883928571428571 0.20214669051878353 0.05714285714285714 0.11449016100178891
38 0.425 0.19320214669051877 0.0625 0.12701252236135957
11 0.8867678571428571 0.6988014311270125 0.060571428571428575 0.13264758497316637