44 0.6973214285714285 0.16905187835420393 0.16607142857142856 0.13059033989266547
67 0.7776785714285714 0.684257602862254 0.17857142857142858 0.16279069767441862
33 0.6107142857142858 0.6779964221824687 0.14821428571428572 0.12880143112701253
67 0.2910714285714286 0.7137745974955277 0.14107142857142857 0.1449016100178891
33 0.15803571428571428 0.7227191413237924 0.13035714285714287 0.13237924865831843
99 0.39285714285714285 0.7075134168157424 0.05892857142857143 0.1413237924865832
38 0.9125 0.6833631484794276 0.06785714285714285 0.12701252236135957
33 0.15258928571428573 0.2014490161001789 0.07044642857142858 0.07513416815742398
59 0.8267857142857142 0.167262969588551 0.05892857142857143 0.08050089445438283
17 0.27053571428571427 0.22719141323792486 0.03214285714285714 0.059033989266547404
67 0.21607142857142858 0.20930232558139536 0.08035714285714286 0.06797853309481217