63 0.6580357142857143 0.7155635062611807 0.30357142857142855 0.18604651162790697
67 0.3053571428571429 0.19588550983899822 0.15535714285714286 0.16994633273703041
33 0.14821428571428572 0.19230769230769232 0.16428571428571428 0.14669051878354203
67 0.7732142857142857 0.20572450805008943 0.1392857142857143 0.13774597495527727
33 0.6330357142857143 0.21377459749552774 0.12678571428571428 0.12164579606440072
99 0.4133928571428571 0.1887298747763864 0.06607142857142857 0.15742397137745975
59 0.8544642857142857 0.6493738819320215 0.06785714285714285 0.09123434704830054
45 0.8785714285714286 0.20125223613595708 0.06428571428571428 0.12164579606440072
67 0.20535714285714285 0.7370304114490162 0.08928571428571429 0.19141323792486584
33 0.12626785714285713 0.7679606440071557 0.09439285714285714 0.1405545617173524
38 0.26275 0.7423971377459749 0.05101785714285714 0.13033989266547405