95 0.6991071428571428 0.167262969588551 0.2714285714285714 0.1520572450805009
67 0.7651785714285714 0.6869409660107334 0.1767857142857143 0.16815742397137745
67 0.28660714285714284 0.6744186046511628 0.14464285714285716 0.09481216457960644
17 0.3482142857142857 0.1779964221824687 0.04642857142857143 0.07334525939177101
33 0.15178571428571427 0.6771019677996423 0.125 0.08765652951699464
67 0.26875 0.18246869409660108 0.10357142857142858 0.10196779964221825
33 0.6071428571428571 0.6771019677996423 0.1392857142857143 0.13416815742397137
33 0.1705357142857143 0.1771019677996422 0.09107142857142857 0.08586762075134168
41 0.8973214285714286 0.6887298747763864 0.06785714285714285 0.1252236135957066
59 0.8910714285714286 0.1771019677996422 0.0625 0.08944543828264759
59 0.39553571428571427 0.6681574239713775 0.0625 0.08050089445438283