68 0.6946428571428571 0.167262969588551 0.2910714285714286 0.1806797853309481
22 0.21785714285714286 0.646690518783542 0.14464285714285716 0.14669051878354203
67 0.7857142857142857 0.7164579606440071 0.14107142857142857 0.14669051878354203
59 0.8964285714285715 0.17978533094812166 0.05357142857142857 0.11627906976744186
67 0.24553571428571427 0.21914132379248658 0.08392857142857142 0.0626118067978533
31 0.3379642857142857 0.6482647584973166 0.048214285714285716 0.13416815742397137
33 0.1669642857142857 0.2146690518783542 0.07142857142857142 0.0518783542039356
33 0.6616071428571428 0.7030411449016101 0.11607142857142858 0.13595706618962433
99 0.8758928571428571 0.7110912343470484 0.05357142857142857 0.12701252236135957
38 0.8767857142857143 0.7110912343470484 0.05357142857142857 0.12343470483005367
17 0.31619642857142854 0.22268336314847945 0.04301785714285714 0.06690518783542039