13 0.20089285714285715 0.6699463327370304 0.12678571428571428 0.1771019677996422
67 0.7758928571428572 0.6806797853309481 0.1875 0.18425760286225404
67 0.36875 0.2075134168157424 0.1732142857142857 0.19856887298747763
33 0.6089285714285714 0.6153846153846154 0.14107142857142857 0.1449016100178891
33 0.20714285714285716 0.16368515205724507 0.16607142857142856 0.18246869409660108
33 0.6919642857142857 0.18336314847942756 0.09821428571428571 0.11270125223613596
67 0.8026785714285715 0.20572450805008943 0.125 0.13237924865831843
103 0.3080357142857143 0.6440071556350626 0.06785714285714285 0.16279069767441862
99 0.12589285714285714 0.2880143112701252 0.06428571428571428 0.16636851520572452
38 0.9232142857142858 0.7316636851520573 0.06964285714285715 0.11985688729874776
41 0.8892857142857142 0.22093023255813954 0.05178571428571429 0.10196779964221825