33 0.6455357142857143 0.684257602862254 0.18214285714285713 0.1449016100178891
67 0.83125 0.6833631484794276 0.19107142857142856 0.1735241502683363
67 0.2883928571428571 0.6341681574239714 0.15 0.11270125223613596
67 0.3 0.20304114490161002 0.15714285714285714 0.1449016100178891
20 0.3982142857142857 0.6288014311270125 0.05 0.09123434704830054
33 0.15 0.6368515205724508 0.12678571428571428 0.09838998211091235
67 0.7857142857142857 0.21914132379248658 0.16607142857142856 0.16994633273703041
33 0.15089285714285713 0.1887298747763864 0.1392857142857143 0.12343470483005367
99 0.5794642857142858 0.8184257602862254 0.06428571428571428 0.1556350626118068
33 0.6330357142857143 0.21377459749552774 0.13392857142857142 0.148479427549195
38 0.9008928571428572 0.23076923076923078 0.075 0.13774597495527727
53 0.9017857142857143 0.23076923076923078 0.075 0.1413237924865832