44 0.19553571428571428 0.7021466905187835 0.175 0.148479427549195
48 0.35 0.7119856887298748 0.05714285714285714 0.1073345259391771
67 0.7794642857142857 0.7003577817531306 0.16071428571428573 0.11806797853309481
33 0.6303571428571428 0.6985688729874776 0.1392857142857143 0.1037567084078712
67 0.7866071428571428 0.2182468694096601 0.15 0.13416815742397137
33 0.6491071428571429 0.2146690518783542 0.13035714285714287 0.10912343470483005
38 0.8964285714285715 0.7039355992844365 0.060714285714285714 0.09123434704830054
38 0.8982142857142857 0.22361359570661896 0.06607142857142857 0.1001788908765653
103 0.30625 0.1771019677996422 0.04107142857142857 0.14669051878354203
99 0.3053571428571429 0.1779964221824687 0.04107142857142857 0.15026833631484796
70 0.21428571428571427 0.17978533094812166 0.125 0.15384615384615385
61 0.21607142857142858 0.1806797853309481 0.13035714285714287 0.15384615384615385