67 0.2830357142857143 0.18604651162790697 0.16071428571428573 0.1592128801431127
67 0.7607142857142857 0.22003577817531306 0.11964285714285715 0.08765652951699464
33 0.6517857142857143 0.19946332737030412 0.09821428571428571 0.07334525939177101
67 0.3 0.6779964221824687 0.16607142857142856 0.1449016100178891
33 0.14732142857142858 0.6788908765652951 0.14107142857142857 0.12880143112701253
67 0.7604107142857143 0.6721288014311271 0.13035714285714287 0.10554561717352415
99 0.4205357142857143 0.667262969588551 0.06428571428571428 0.11985688729874776
33 0.13482142857142856 0.1592128801431127 0.13214285714285715 0.13416815742397137
59 0.8482142857142857 0.6216457960644007 0.060714285714285714 0.07155635062611806
38 0.40267857142857144 0.21377459749552774 0.06607142857142857 0.11270125223613596
38 0.8517857142857143 0.2334525939177102 0.044642857142857144 0.06082289803220036
85 0.6392857142857142 0.7128801431127012 0.10892857142857143 0.09838998211091235