67 0.29285714285714287 0.19946332737030412 0.16964285714285715 0.1592128801431127
67 0.7830357142857143 0.21377459749552774 0.175 0.1592128801431127
33 0.13214285714285715 0.19320214669051877 0.14464285714285716 0.11985688729874776
67 0.28660714285714284 0.7084078711985689 0.1357142857142857 0.12343470483005367
67 0.7669642857142858 0.6878354203935599 0.14285714285714285 0.148479427549195
33 0.61875 0.22361359570661896 0.15178571428571427 0.12880143112701253
33 0.6339285714285714 0.6806797853309481 0.12321428571428572 0.12701252236135957
33 0.15892857142857142 0.7075134168157424 0.11785714285714285 0.1073345259391771
38 0.42857142857142855 0.20125223613595708 0.06428571428571428 0.11270125223613596
38 0.9169642857142857 0.2110912343470483 0.06428571428571428 0.11985688729874776
20 0.8723214285714286 0.6878354203935599 0.06428571428571428 0.11985688729874776
11 0.3892857142857143 0.7030411449016101 0.05357142857142857 0.09838998211091235
31 0.8732142857142857 0.6869409660107334 0.0625 0.11806797853309481