66 0.6919642857142857 0.7084078711985689 0.2392857142857143 0.11985688729874776
67 0.7669642857142858 0.2262969588550984 0.16607142857142856 0.1520572450805009
67 0.2910714285714286 0.686046511627907 0.16607142857142856 0.1592128801431127
11 0.8839285714285714 0.7039355992844365 0.060714285714285714 0.09481216457960644
33 0.1375 0.6779964221824687 0.1392857142857143 0.12343470483005367
67 0.2669642857142857 0.21198568872987478 0.10535714285714286 0.08050089445438283
33 0.1669642857142857 0.22361359570661896 0.09285714285714286 0.07155635062611806
38 0.4160714285714286 0.6878354203935599 0.0625 0.12164579606440072
23 0.6321428571428571 0.2370304114490161 0.10714285714285714 0.1449016100178891
41 0.34285714285714286 0.20214669051878353 0.0375 0.0626118067978533
52 0.8910714285714286 0.22271914132379247 0.06964285714285715 0.12343470483005367