33 0.6223214285714286 0.20483005366726298 0.14464285714285716 0.12701252236135957
67 0.7839285714285714 0.2075134168157424 0.175 0.1592128801431127
67 0.7723214285714286 0.6762075134168157 0.15714285714285714 0.13416815742397137
33 0.6241071428571429 0.6833631484794276 0.1357142857142857 0.11270125223613596
33 0.15357142857142858 0.6288014311270125 0.07857142857142857 0.08586762075134168
67 0.24642857142857144 0.6475849731663685 0.11071428571428571 0.10554561717352415
20 0.8892857142857142 0.6663685152057245 0.05714285714285714 0.1001788908765653
83 0.1982142857142857 0.1511627906976744 0.16785714285714284 0.12880143112701253
38 0.9160714285714285 0.20483005366726298 0.06607142857142857 0.12343470483005367
41 0.3205357142857143 0.15652951699463327 0.04107142857142857 0.09660107334525939
43 0.34017857142857144 0.6610017889087657 0.05357142857142857 0.09660107334525939