36 0.2044642857142857 0.6949910554561717 0.15178571428571427 0.16279069767441862
33 0.2392857142857143 0.32647584973166366 0.09821428571428571 0.13953488372093023
67 0.7723214285714286 0.21288014311270126 0.18214285714285713 0.1735241502683363
33 0.6071428571428571 0.16368515205724507 0.14285714285714285 0.13774597495527727
67 0.7848214285714286 0.6914132379248659 0.13214285714285715 0.12701252236135957
33 0.6669642857142857 0.6636851520572451 0.10357142857142858 0.1001788908765653
38 0.9151785714285714 0.24865831842576028 0.06785714285714285 0.11985688729874776
67 0.29196428571428573 0.21377459749552774 0.11964285714285715 0.1449016100178891
38 0.8830357142857143 0.7128801431127012 0.05357142857142857 0.08944543828264759
10 0.3196428571428571 0.6958855098389982 0.04107142857142857 0.1073345259391771
59 0.31785714285714284 0.13327370304114491 0.09107142857142857 0.07871198568872988
67 0.2875 0.22808586762075134 0.12142857142857143 0.19320214669051877