10 0.37410714285714286 0.2298747763864043 0.06428571428571428 0.09660107334525939
67 0.7883928571428571 0.682468694096601 0.1732142857142857 0.16279069767441862
67 0.78125 0.19409660107334525 0.16964285714285715 0.16994633273703041
33 0.625 0.19499105545617174 0.14107142857142857 0.13595706618962433
25 0.24821428571428572 0.6663685152057245 0.05357142857142857 0.09660107334525939
67 0.2544642857142857 0.20572450805008943 0.15178571428571427 0.12880143112701253
23 0.12857142857142856 0.1771019677996422 0.09107142857142857 0.11270125223613596
33 0.6285714285714286 0.6788908765652951 0.14642857142857144 0.13237924865831843
33 0.11785714285714285 0.6699463327370304 0.13392857142857142 0.11091234347048301
38 0.90625 0.19320214669051877 0.06428571428571428 0.12880143112701253
38 0.9160714285714285 0.684257602862254 0.06428571428571428 0.12701252236135957