37 0.21160714285714285 0.16100178890876565 0.17857142857142858 0.13953488372093023
67 0.30089285714285713 0.6887298747763864 0.14464285714285716 0.1735241502683363
67 0.7741071428571429 0.2039355992844365 0.16607142857142856 0.15742397137745975
55 0.14642857142857144 0.6905187835420393 0.14464285714285716 0.1592128801431127
67 0.7741071428571429 0.6914132379248659 0.1392857142857143 0.12164579606440072
33 0.6205357142857143 0.1967799642218247 0.1392857142857143 0.12343470483005367
99 0.4080357142857143 0.6735241502683363 0.06428571428571428 0.1556350626118068
38 0.8991071428571429 0.2039355992844365 0.0625 0.11985688729874776
33 0.6428571428571429 0.682468694096601 0.12678571428571428 0.10912343470483005
43 0.8866071428571428 0.7075134168157424 0.0625 0.09660107334525939
43 0.35 0.16100178890876565 0.05714285714285714 0.1037567084078712