67 0.7866071428571428 0.19320214669051877 0.16071428571428573 0.1449016100178891
67 0.29196428571428573 0.684257602862254 0.1625 0.12343470483005367
33 0.6482142857142857 0.6833631484794276 0.125 0.12701252236135957
67 0.7839285714285714 0.682468694096601 0.14821428571428572 0.1449016100178891
20 0.41160714285714284 0.6779964221824687 0.05892857142857143 0.09660107334525939
67 0.2857142857142857 0.19856887298747763 0.12678571428571428 0.12343470483005367
53 0.9071428571428571 0.18783542039355994 0.06428571428571428 0.11091234347048301
33 0.14107142857142857 0.6869409660107334 0.1392857142857143 0.1073345259391771
99 0.8910714285714286 0.6815742397137746 0.0625 0.12343470483005367
33 0.6348214285714285 0.19499105545617174 0.14285714285714285 0.11806797853309481
33 0.1669642857142857 0.2334525939177102 0.11428571428571428 0.11449016100178891
53 0.3705357142857143 0.17620751341681573 0.05357142857142857 0.09838998211091235