15 0.6696428571428571 0.6663685152057245 0.21071428571428572 0.12164579606440072
82 0.22857142857142856 0.6601073345259392 0.10178571428571428 0.1073345259391771
35 0.8419642857142857 0.6645796064400715 0.05714285714285714 0.09838998211091235
67 0.7785714285714286 0.24150268336314848 0.15535714285714286 0.14311270125223613
71 0.41160714285714284 0.19767441860465115 0.0625 0.12343470483005367
33 0.6205357142857143 0.2441860465116279 0.15178571428571427 0.12164579606440072
33 0.125 0.19856887298747763 0.14285714285714285 0.1252236135957066
67 0.28482142857142856 0.19856887298747763 0.1732142857142857 0.1592128801431127
43 0.31607142857142856 0.7039355992844365 0.039285714285714285 0.07334525939177101
59 0.9098214285714286 0.23971377459749552 0.06785714285714285 0.11270125223613596
71 0.9098214285714286 0.240608228980322 0.06785714285714285 0.11449016100178891