10 0.3669642857142857 0.7003577817531306 0.06785714285714285 0.1073345259391771
60 0.21785714285714286 0.6958855098389982 0.1767857142857143 0.148479427549195
67 0.2732142857142857 0.19499105545617174 0.15892857142857142 0.16100178890876565
33 0.12589285714285714 0.20661896243291591 0.1357142857142857 0.13237924865831843
67 0.7883928571428571 0.1806797853309481 0.16607142857142856 0.14311270125223613
33 0.6330357142857143 0.6923076923076923 0.12678571428571428 0.1001788908765653
33 0.6357142857142857 0.18425760286225404 0.14464285714285716 0.12164579606440072
67 0.7696428571428572 0.6994633273703041 0.14642857142857144 0.11270125223613596
38 0.38839285714285715 0.1851520572450805 0.06607142857142857 0.1252236135957066
38 0.9071428571428571 0.17531305903398928 0.06785714285714285 0.11449016100178891
38 0.8776785714285714 0.7066189624329159 0.05892857142857143 0.08765652951699464