67 0.25535714285714284 0.6422182468694096 0.14821428571428572 0.1252236135957066
67 0.7401785714285715 0.20840787119856888 0.1875 0.11985688729874776
23 0.5991071428571428 0.2110912343470483 0.09107142857142857 0.11270125223613596
67 0.7758928571428572 0.6618962432915921 0.12857142857142856 0.11806797853309481
33 0.6553571428571429 0.7030411449016101 0.125 0.11449016100178891
23 0.13482142857142856 0.6207513416815742 0.09285714285714286 0.10554561717352415
84 0.2294642857142857 0.19499105545617174 0.16607142857142856 0.12164579606440072
38 0.8625 0.6332737030411449 0.05892857142857143 0.1037567084078712
43 0.3821428571428571 0.6681574239713775 0.05 0.09123434704830054
20 0.8758928571428571 0.2146690518783542 0.06785714285714285 0.09660107334525939
38 0.3455357142857143 0.19767441860465115 0.03571428571428571 0.07871198568872988