83 0.71875 0.1708407871198569 0.18035714285714285 0.13059033989266547
33 0.6178571428571429 0.686046511627907 0.14642857142857144 0.13416815742397137
67 0.7794642857142857 0.6905187835420393 0.1732142857142857 0.16815742397137745
67 0.2839285714285714 0.684257602862254 0.16785714285714284 0.15742397137745975
33 0.12946428571428573 0.6806797853309481 0.14107142857142857 0.13059033989266547
67 0.30625 0.2003577817531306 0.125 0.13059033989266547
33 0.19464285714285715 0.1708407871198569 0.09821428571428571 0.10554561717352415
41 0.8517857142857143 0.1708407871198569 0.04285714285714286 0.09660107334525939
38 0.9071428571428571 0.6887298747763864 0.06607142857142857 0.12880143112701253
38 0.3991071428571429 0.21914132379248658 0.05178571428571429 0.09838998211091235
103 0.4044642857142857 0.682468694096601 0.07321428571428572 0.13595706618962433