67 0.29196428571428573 0.6905187835420393 0.17142857142857143 0.16815742397137745
67 0.7875 0.6949910554561717 0.17857142857142858 0.1592128801431127
55 0.6151785714285715 0.1771019677996422 0.14285714285714285 0.10196779964221825
33 0.13214285714285715 0.6967799642218246 0.14464285714285716 0.13237924865831843
33 0.6258928571428571 0.6914132379248659 0.14821428571428572 0.13774597495527727
67 0.7571428571428571 0.1735241502683363 0.14642857142857144 0.11091234347048301
38 0.9196428571428571 0.6896243291592129 0.06964285714285715 0.12880143112701253
59 0.8705357142857143 0.17620751341681573 0.06428571428571428 0.08050089445438283
52 0.4232142857142857 0.684257602862254 0.06964285714285715 0.13059033989266547
45 0.35 0.20840787119856888 0.075 0.12164579606440072
29 0.22576785714285716 0.20316636851520573 0.17601785714285714 0.1967799642218247