100 0.20357142857142857 0.6547406082289803 0.2571428571428571 0.11985688729874776
48 0.8866071428571428 0.7075134168157424 0.05892857142857143 0.08407871198568873
67 0.7732142857142857 0.2003577817531306 0.1625 0.1771019677996422
85 0.12232142857142857 0.1735241502683363 0.1357142857142857 0.10196779964221825
67 0.7705357142857143 0.7012522361359571 0.15 0.11091234347048301
33 0.6294642857142857 0.6905187835420393 0.125 0.09660107334525939
67 0.29017857142857145 0.1771019677996422 0.18035714285714285 0.12164579606440072
33 0.6285714285714286 0.16010733452593917 0.13214285714285715 0.14669051878354203
43 0.39017857142857143 0.6520572450805009 0.055357142857142855 0.08944543828264759
59 0.44107142857142856 0.1815742397137746 0.06964285714285715 0.09302325581395349
48 0.8946428571428572 0.22003577817531306 0.06964285714285715 0.12880143112701253
52 0.89375 0.22003577817531306 0.06964285714285715 0.12880143112701253