67 0.78125 0.19051878354203935 0.15714285714285714 0.148479427549195
67 0.28125 0.18783542039355994 0.16607142857142856 0.1556350626118068
67 0.79375 0.7182468694096601 0.11964285714285715 0.11806797853309481
23 0.1419642857142857 0.725402504472272 0.10714285714285714 0.13059033989266547
20 0.8830357142857143 0.7576028622540251 0.048214285714285716 0.07513416815742398
67 0.26339285714285715 0.6851520572450805 0.14285714285714285 0.13059033989266547
33 0.6339285714285714 0.2003577817531306 0.1392857142857143 0.11806797853309481
33 0.6821428571428572 0.6636851520572451 0.10357142857142858 0.09302325581395349
23 0.1419642857142857 0.19767441860465115 0.11071428571428571 0.148479427549195
38 0.8955357142857143 0.18246869409660108 0.060714285714285714 0.10912343470483005
38 0.3625 0.6565295169946332 0.06428571428571428 0.11270125223613596
52 0.4092321428571428 0.18948121645796065 0.06724999999999999 0.10785330948121645