13 0.6642857142857143 0.22450805008944544 0.175 0.16100178890876565
67 0.29642857142857143 0.2075134168157424 0.16428571428571428 0.16636851520572452
103 0.81875 0.20930232558139536 0.06428571428571428 0.15742397137745975
33 0.14375 0.2110912343470483 0.1375 0.13237924865831843
67 0.29732142857142857 0.684257602862254 0.16785714285714284 0.15384615384615385
33 0.1392857142857143 0.6869409660107334 0.14642857142857144 0.13059033989266547
33 0.6857142857142857 0.7119856887298748 0.05714285714285714 0.06618962432915922
67 0.7508928571428571 0.7298747763864043 0.07678571428571429 0.08050089445438283
31 0.4205357142857143 0.19499105545617174 0.06964285714285715 0.13059033989266547
17 0.4205357142857143 0.19588550983899822 0.06785714285714285 0.12880143112701253
38 0.42410714285714285 0.6744186046511628 0.06964285714285715 0.1252236135957066
38 0.8026785714285715 0.7477638640429338 0.03214285714285714 0.055456171735241505