13 0.19732142857142856 0.6788908765652951 0.14821428571428572 0.17531305903398928
85 0.6 0.7039355992844365 0.14464285714285716 0.14669051878354203
33 0.6196428571428572 0.1735241502683363 0.1357142857142857 0.1413237924865832
103 0.3294642857142857 0.6502683363148479 0.075 0.16815742397137745
67 0.7741071428571429 0.18783542039355994 0.17142857142857143 0.1735241502683363
67 0.7625 0.6878354203935599 0.16428571428571428 0.16457960644007155
33 0.12232142857142857 0.17262969588550983 0.12321428571428572 0.10196779964221825
67 0.2642857142857143 0.1967799642218247 0.15535714285714286 0.11985688729874776
43 0.38392857142857145 0.22003577817531306 0.05892857142857143 0.09123434704830054
59 0.9142857142857143 0.682468694096601 0.07857142857142857 0.13953488372093023
99 0.8857142857142857 0.17173524150268335 0.060714285714285714 0.16100178890876565