67 0.7678571428571429 0.18962432915921287 0.18214285714285713 0.16279069767441862
53 0.8991071428571429 0.7093023255813954 0.0625 0.10554561717352415
67 0.7678571428571429 0.7003577817531306 0.16607142857142856 0.13595706618962433
33 0.6008928571428571 0.1735241502683363 0.14642857142857144 0.1252236135957066
67 0.26785714285714285 0.6878354203935599 0.14821428571428572 0.13953488372093023
33 0.6125 0.6815742397137746 0.14107142857142857 0.10912343470483005
33 0.1357142857142857 0.6547406082289803 0.11607142857142858 0.11270125223613596
38 0.9089285714285714 0.19856887298747763 0.06964285714285715 0.12701252236135957
38 0.37589285714285714 0.721824686940966 0.0625 0.1001788908765653
59 0.33839285714285716 0.1404293381037567 0.05714285714285714 0.08407871198568873
100 0.21339285714285713 0.19856887298747763 0.19107142857142856 0.1413237924865832