33 0.6232142857142857 0.19856887298747763 0.1375 0.13953488372093023
67 0.7830357142857143 0.686046511627907 0.17142857142857143 0.148479427549195
67 0.775 0.2039355992844365 0.16428571428571428 0.15742397137745975
33 0.6223214285714286 0.686046511627907 0.14642857142857144 0.11806797853309481
67 0.2955357142857143 0.6923076923076923 0.15892857142857142 0.13774597495527727
33 0.15535714285714286 0.6932021466905188 0.12857142857142856 0.1252236135957066
67 0.21696428571428572 0.2880143112701252 0.125 0.20930232558139536
38 0.9107142857142857 0.6806797853309481 0.0625 0.11806797853309481
38 0.8955357142857143 0.21377459749552774 0.0625 0.1252236135957066
33 0.09642857142857143 0.28711985688729874 0.11428571428571428 0.18783542039355994
99 0.40535714285714286 0.686046511627907 0.05714285714285714 0.11806797853309481