77 0.2080357142857143 0.646690518783542 0.30178571428571427 0.12164579606440072
67 0.30357142857142855 0.19051878354203935 0.18928571428571428 0.1592128801431127
33 0.6116071428571429 0.6905187835420393 0.1392857142857143 0.1252236135957066
33 0.125 0.22361359570661896 0.1625 0.12880143112701253
67 0.7785714285714286 0.21377459749552774 0.175 0.1556350626118068
33 0.61875 0.2101967799642218 0.14285714285714285 0.13237924865831843
67 0.7625 0.6878354203935599 0.1625 0.14669051878354203
38 0.4419642857142857 0.16636851520572452 0.06964285714285715 0.12164579606440072
38 0.90625 0.21288014311270126 0.06607142857142857 0.12164579606440072
43 0.4133928571428571 0.648479427549195 0.06964285714285715 0.1001788908765653
38 0.8821428571428571 0.6869409660107334 0.06607142857142857 0.11806797853309481