49 0.20089285714285715 0.6663685152057245 0.20357142857142857 0.13237924865831843
55 0.6491071428571429 0.6726296958855098 0.125 0.09123434704830054
33 0.6276785714285714 0.1887298747763864 0.14821428571428572 0.14669051878354203
67 0.7892857142857143 0.18425760286225404 0.1732142857142857 0.1806797853309481
33 0.15625 0.21556350626118068 0.08571428571428572 0.06618962432915922
67 0.7714285714285715 0.6735241502683363 0.12321428571428572 0.09302325581395349
67 0.24910714285714286 0.21198568872987478 0.1 0.07513416815742398
71 0.35446428571428573 0.6735241502683363 0.048214285714285716 0.09660107334525939
59 0.8723214285714286 0.6762075134168157 0.055357142857142855 0.07155635062611806
38 0.32410714285714287 0.2075134168157424 0.039285714285714285 0.06082289803220036
38 0.91875 0.17173524150268335 0.06964285714285715 0.15026833631484796