79 0.21071428571428572 0.22271914132379247 0.22857142857142856 0.13953488372093023
55 0.64375 0.7012522361359571 0.125 0.13237924865831843
48 0.3794642857142857 0.2298747763864043 0.05178571428571429 0.11449016100178891
33 0.6508928571428572 0.23792486583184258 0.12678571428571428 0.13953488372093023
33 0.15357142857142858 0.6368515205724508 0.11607142857142858 0.10554561717352415
67 0.7669642857142858 0.7164579606440071 0.125 0.148479427549195
67 0.7857142857142857 0.22271914132379247 0.14107142857142857 0.16279069767441862
67 0.2785714285714286 0.6225402504472272 0.1375 0.11806797853309481
99 0.8839285714285714 0.19767441860465115 0.05357142857142857 0.1449016100178891
43 0.3794642857142857 0.6162790697674418 0.05714285714285714 0.09481216457960644
41 0.8633928571428572 0.7209302325581395 0.0625 0.10912343470483005