37 0.21160714285714285 0.22808586762075134 0.14464285714285716 0.1520572450805009
33 0.6232142857142857 0.682468694096601 0.14642857142857144 0.13595706618962433
67 0.7839285714285714 0.684257602862254 0.1732142857142857 0.1592128801431127
11 0.12678571428571428 0.8282647584973166 0.07321428571428572 0.13059033989266547
33 0.17410714285714285 0.6878354203935599 0.1625 0.1520572450805009
67 0.7794642857142857 0.20840787119856888 0.16071428571428573 0.1520572450805009
67 0.35714285714285715 0.6914132379248659 0.16964285714285715 0.1771019677996422
33 0.6294642857142857 0.20930232558139536 0.1357142857142857 0.11806797853309481
41 0.9017857142857143 0.20214669051878353 0.05892857142857143 0.11449016100178891
38 0.9133928571428571 0.6851520572450805 0.06964285714285715 0.13059033989266547
43 0.3044642857142857 0.167262969588551 0.05714285714285714 0.07513416815742398