67 0.7758928571428572 0.20304114490161002 0.175 0.16994633273703041
33 0.6133928571428572 0.21288014311270126 0.14821428571428572 0.13416815742397137
17 0.3517857142857143 0.7200357781753131 0.04285714285714286 0.055456171735241505
67 0.7741071428571429 0.6502683363148479 0.15714285714285714 0.13059033989266547
33 0.12142857142857143 0.19499105545617174 0.13035714285714287 0.09481216457960644
67 0.27053571428571427 0.19141323792486584 0.16428571428571428 0.10554561717352415
33 0.6285714285714286 0.6502683363148479 0.13214285714285715 0.11270125223613596
67 0.2625 0.7173524150268337 0.1125 0.07871198568872988
33 0.15714285714285714 0.7101967799642218 0.09285714285714286 0.06440071556350627
43 0.3964285714285714 0.19409660107334525 0.05892857142857143 0.09123434704830054
41 0.8892857142857142 0.6493738819320215 0.05892857142857143 0.10196779964221825
52 0.9089285714285714 0.19409660107334525 0.06964285714285715 0.14311270125223613
52 0.9080357142857143 0.19409660107334525 0.06964285714285715 0.14311270125223613