67 0.7892857142857143 0.6994633273703041 0.18392857142857144 0.15026833631484796
67 0.29285714285714287 0.20840787119856888 0.16071428571428573 0.1556350626118068
33 0.1419642857142857 0.20661896243291591 0.1375 0.1252236135957066
33 0.61875 0.7200357781753131 0.15714285714285714 0.12701252236135957
100 0.20982142857142858 0.6663685152057245 0.22857142857142856 0.1252236135957066
53 0.4142857142857143 0.20304114490161002 0.06428571428571428 0.12164579606440072
38 0.9241071428571429 0.6833631484794276 0.06785714285714285 0.12701252236135957
59 0.3580357142857143 0.6440071556350626 0.0625 0.07692307692307693
67 0.7830357142857143 0.21735241502683364 0.16607142857142856 0.17173524150268335
38 0.6366071428571428 0.2146690518783542 0.125 0.14311270125223613
33 0.6339285714285714 0.21288014311270126 0.12678571428571428 0.14669051878354203
53 0.9008928571428572 0.23076923076923078 0.075 0.1413237924865832