68 0.22767857142857142 0.6520572450805009 0.2767857142857143 0.1037567084078712
67 0.28482142857142856 0.20572450805008943 0.18392857142857144 0.1735241502683363
17 0.8339285714285715 0.21645796064400716 0.044642857142857144 0.059033989266547404
67 0.7633928571428571 0.6923076923076923 0.18392857142857144 0.1592128801431127
33 0.6008928571428571 0.6538461538461539 0.13392857142857142 0.12880143112701253
33 0.11785714285714285 0.15384615384615385 0.14642857142857144 0.1449016100178891
33 0.6446428571428572 0.2182468694096601 0.09464285714285714 0.06976744186046512
67 0.7473214285714286 0.22182468694096602 0.11071428571428571 0.08050089445438283
38 0.42410714285714285 0.23792486583184258 0.06964285714285715 0.11627906976744186
59 0.4125 0.6627906976744186 0.05178571428571429 0.06797853309481217
38 0.9053571428571429 0.7173524150268337 0.07142857142857142 0.11985688729874776