42 0.23482142857142857 0.6806797853309481 0.22678571428571428 0.13059033989266547
68 0.7151785714285714 0.19499105545617174 0.2571428571428571 0.1449016100178891
32 0.8901785714285714 0.21198568872987478 0.039285714285714285 0.09838998211091235
45 0.4089285714285714 0.6797853309481217 0.055357142857142855 0.1073345259391771
67 0.2892857142857143 0.1735241502683363 0.175 0.15384615384615385
33 0.6678571428571428 0.6457960644007156 0.08571428571428572 0.09838998211091235
67 0.7642857142857142 0.6914132379248659 0.10892857142857143 0.1252236135957066
38 0.4142857142857143 0.15026833631484796 0.06607142857142857 0.12164579606440072
59 0.8508928571428571 0.7298747763864043 0.05714285714285714 0.09302325581395349
23 0.14464285714285716 0.20840787119856888 0.11785714285714285 0.16100178890876565
23 0.14464285714285716 0.20661896243291591 0.11607142857142858 0.16100178890876565