23 0.18035714285714285 0.682468694096601 0.055357142857142855 0.08228980322003578
91 0.20535714285714285 0.148479427549195 0.2910714285714286 0.14669051878354203
67 0.7758928571428572 0.6869409660107334 0.18035714285714285 0.15384615384615385
67 0.7803571428571429 0.24150268336314848 0.14642857142857144 0.13416815742397137
33 0.6455357142857143 0.24776386404293382 0.125 0.11627906976744186
33 0.6089285714285714 0.6610017889087657 0.14821428571428572 0.12880143112701253
41 0.8875 0.23434704830053668 0.055357142857142855 0.10554561717352415
67 0.24910714285714286 0.6771019677996423 0.08214285714285714 0.08944543828264759
59 0.41696428571428573 0.167262969588551 0.075 0.10196779964221825
38 0.9133928571428571 0.6994633273703041 0.06785714285714285 0.11270125223613596
38 0.30892857142857144 0.6771019677996423 0.033928571428571426 0.06797853309481217