55 0.6267857142857143 0.2146690518783542 0.1392857142857143 0.11627906976744186
67 0.30357142857142855 0.6949910554561717 0.16785714285714284 0.15742397137745975
33 0.14821428571428572 0.682468694096601 0.1392857142857143 0.13237924865831843
17 0.40267857142857144 0.22182468694096602 0.075 0.09660107334525939
67 0.26875 0.2075134168157424 0.16785714285714284 0.13059033989266547
67 0.7723214285714286 0.20930232558139536 0.14642857142857144 0.12164579606440072
33 0.12232142857142857 0.18246869409660108 0.11607142857142858 0.09838998211091235
99 0.8794642857142857 0.20125223613595708 0.05357142857142857 0.1001788908765653
38 0.42857142857142855 0.6994633273703041 0.06428571428571428 0.12164579606440072
99 0.5857142857142857 0.7853309481216458 0.05714285714285714 0.16994633273703041
47 0.7375 0.6395348837209303 0.2857142857142857 0.1771019677996422