19 0.20267857142857143 0.6833631484794276 0.22142857142857142 0.2075134168157424
33 0.6294642857142857 0.21556350626118068 0.13392857142857142 0.1252236135957066
67 0.7776785714285714 0.2182468694096601 0.16428571428571428 0.1449016100178891
67 0.24732142857142858 0.1806797853309481 0.14821428571428572 0.12164579606440072
31 0.3892857142857143 0.18336314847942756 0.06607142857142857 0.10196779964221825
23 0.12232142857142857 0.17978533094812166 0.1 0.11449016100178891
67 0.7580357142857143 0.7003577817531306 0.16964285714285715 0.16279069767441862
38 0.8982142857142857 0.21377459749552774 0.060714285714285714 0.11449016100178891
99 0.3482142857142857 0.6681574239713775 0.055357142857142855 0.1592128801431127
23 0.6196428571428572 0.7128801431127012 0.11071428571428571 0.16279069767441862
38 0.8758928571428571 0.6815742397137746 0.07321428571428572 0.13774597495527727
24 0.6178571428571429 0.7119856887298748 0.11071428571428571 0.16100178890876565