67 0.33839285714285716 0.6618962432915921 0.1732142857142857 0.18425760286225404
67 0.78125 0.22361359570661896 0.13392857142857142 0.13595706618962433
55 0.13392857142857142 0.148479427549195 0.1625 0.1073345259391771
33 0.17589285714285716 0.6440071556350626 0.15714285714285714 0.14669051878354203
33 0.65 0.2298747763864043 0.125 0.11985688729874776
67 0.6883928571428571 0.721824686940966 0.1125 0.17173524150268335
33 0.5946428571428571 0.6797853309481217 0.08928571428571429 0.15742397137745975
67 0.29642857142857143 0.16189624329159213 0.15892857142857142 0.11806797853309481
99 0.12321428571428572 0.7790697674418605 0.0625 0.15384615384615385
43 0.43125 0.17889087656529518 0.05714285714285714 0.09123434704830054
31 0.875 0.21198568872987478 0.05357142857142857 0.1037567084078712
45 0.875 0.21288014311270126 0.055357142857142855 0.1073345259391771
11 0.7461785714285715 0.7385688729874776 0.05357142857142857 0.1379964221824687