55 0.6366071428571428 0.23076923076923078 0.15178571428571427 0.15384615384615385
67 0.7901785714285714 0.21198568872987478 0.15714285714285714 0.1556350626118068
33 0.14285714285714285 0.20840787119856888 0.14285714285714285 0.13416815742397137
67 0.30357142857142855 0.20840787119856888 0.175 0.16636851520572452
33 0.14464285714285716 0.6726296958855098 0.14464285714285716 0.148479427549195
67 0.3080357142857143 0.6681574239713775 0.16964285714285715 0.18604651162790697
67 0.7794642857142857 0.6878354203935599 0.15892857142857142 0.13953488372093023
33 0.6321428571428571 0.682468694096601 0.13392857142857142 0.12164579606440072
38 0.43392857142857144 0.2039355992844365 0.07142857142857142 0.13774597495527727
20 0.8964285714285715 0.6923076923076923 0.055357142857142855 0.11449016100178891
38 0.4348214285714286 0.6529516994633273 0.06964285714285715 0.15384615384615385
45 0.9017857142857143 0.19767441860465115 0.06607142857142857 0.12880143112701253