67 0.29732142857142857 0.6797853309481217 0.17142857142857143 0.16636851520572452
33 0.13839285714285715 0.6833631484794276 0.14285714285714285 0.12880143112701253
67 0.28125 0.19499105545617174 0.1625 0.14669051878354203
67 0.79375 0.19767441860465115 0.18214285714285713 0.148479427549195
33 0.6160714285714286 0.20572450805008943 0.16785714285714284 0.12701252236135957
67 0.7883928571428571 0.6565295169946332 0.15178571428571427 0.13059033989266547
33 0.12946428571428573 0.1967799642218247 0.1392857142857143 0.11985688729874776
33 0.6428571428571429 0.7084078711985689 0.14285714285714285 0.11627906976744186
38 0.425 0.6762075134168157 0.06428571428571428 0.12880143112701253
38 0.9267857142857143 0.18962432915921287 0.05892857142857143 0.11270125223613596
38 0.3991071428571429 0.18962432915921287 0.05892857142857143 0.10912343470483005
11 0.89375 0.6207513416815742 0.05357142857142857 0.09123434704830054