67 0.30892857142857144 0.6797853309481217 0.175 0.16457960644007155
33 0.1455357142857143 0.6958855098389982 0.14821428571428572 0.13416815742397137
67 0.7830357142857143 0.6976744186046512 0.18035714285714285 0.1556350626118068
33 0.6142857142857143 0.6905187835420393 0.14821428571428572 0.1252236135957066
67 0.30892857142857144 0.18962432915921287 0.16071428571428573 0.1449016100178891
52 0.4294642857142857 0.16457960644007155 0.06428571428571428 0.11270125223613596
33 0.15803571428571428 0.22093023255813954 0.14285714285714285 0.11806797853309481
36 0.7053571428571429 0.21377459749552774 0.23392857142857143 0.1413237924865832
11 0.8535714285714285 0.18336314847942756 0.05357142857142857 0.09660107334525939
38 0.4357142857142857 0.6735241502683363 0.06428571428571428 0.12343470483005367
103 0.91875 0.6940966010733453 0.06964285714285715 0.11985688729874776
31 0.91875 0.6949910554561717 0.07142857142857142 0.11985688729874776