89 0.19285714285714287 0.1771019677996422 0.14642857142857144 0.10196779964221825
85 0.63125 0.1806797853309481 0.08928571428571429 0.09838998211091235
67 0.29285714285714287 0.7155635062611807 0.15892857142857142 0.1520572450805009
33 0.1455357142857143 0.6851520572450805 0.13035714285714287 0.12880143112701253
33 0.6705357142857142 0.738819320214669 0.08214285714285714 0.06976744186046512
67 0.7642857142857142 0.7075134168157424 0.10178571428571428 0.08228980322003578
67 0.7366071428571429 0.21288014311270126 0.11071428571428571 0.11270125223613596
38 0.41160714285714284 0.7325581395348837 0.06428571428571428 0.11627906976744186
38 0.8357142857142857 0.684257602862254 0.03571428571428571 0.059033989266547404
43 0.31160714285714286 0.16815742397137745 0.048214285714285716 0.07871198568872988
11 0.8276785714285714 0.2370304114490161 0.04285714285714286 0.08586762075134168