87 0.7151785714285714 0.6493738819320215 0.23214285714285715 0.12880143112701253
67 0.29017857142857145 0.7003577817531306 0.15357142857142858 0.1520572450805009
33 0.1455357142857143 0.7030411449016101 0.13214285714285715 0.12880143112701253
67 0.3142857142857143 0.19141323792486584 0.15 0.13595706618962433
33 0.17410714285714285 0.1887298747763864 0.12857142857142856 0.11449016100178891
43 0.40625 0.6985688729874776 0.05892857142857143 0.12343470483005367
43 0.8785714285714286 0.6636851520572451 0.048214285714285716 0.09302325581395349
38 0.42589285714285713 0.19230769230769232 0.05892857142857143 0.1037567084078712
45 0.8258928571428571 0.18783542039355994 0.0625 0.1001788908765653
31 0.8258928571428571 0.18694096601073346 0.06428571428571428 0.10196779964221825
13 0.7241071428571428 0.2101967799642218 0.15 0.12343470483005367