86 0.23482142857142857 0.16547406082289803 0.2910714285714286 0.1806797853309481
67 0.2714285714285714 0.6833631484794276 0.15357142857142858 0.14669051878354203
67 0.7455357142857143 0.19856887298747763 0.14642857142857144 0.11449016100178891
23 0.6258928571428571 0.19409660107334525 0.08928571428571429 0.11270125223613596
59 0.12232142857142857 0.35330948121645794 0.08214285714285714 0.11449016100178891
23 0.1455357142857143 0.6833631484794276 0.10178571428571428 0.13774597495527727
67 0.7616071428571428 0.7191413237924866 0.12142857142857143 0.11270125223613596
23 0.6633928571428571 0.6708407871198568 0.07857142857142857 0.09660107334525939
38 0.8580357142857142 0.19856887298747763 0.05714285714285714 0.08765652951699464
38 0.3794642857142857 0.6851520572450805 0.06607142857142857 0.11270125223613596
38 0.8535714285714285 0.7558139534883721 0.04642857142857143 0.07155635062611806