94 0.6517857142857143 0.18783542039355994 0.1875 0.16994633273703041
61 0.2125 0.15026833631484796 0.2982142857142857 0.10554561717352415
67 0.7625 0.7003577817531306 0.16607142857142856 0.1592128801431127
33 0.6116071428571429 0.6833631484794276 0.13392857142857142 0.12880143112701253
59 0.8080357142857143 0.1779964221824687 0.06607142857142857 0.1252236135957066
33 0.1669642857142857 0.7164579606440071 0.11607142857142858 0.11806797853309481
67 0.28482142857142856 0.682468694096601 0.12678571428571428 0.11985688729874776
53 0.3705357142857143 0.6601073345259392 0.055357142857142855 0.10196779964221825
43 0.41785714285714287 0.1440071556350626 0.048214285714285716 0.07513416815742398
31 0.8883928571428571 0.7101967799642218 0.07142857142857142 0.12343470483005367
20 0.8892857142857142 0.7101967799642218 0.07142857142857142 0.12343470483005367