67 0.29464285714285715 0.19588550983899822 0.15714285714285714 0.13595706618962433
67 0.7696428571428572 0.24508050089445438 0.15 0.1252236135957066
23 0.6428571428571429 0.240608228980322 0.10178571428571428 0.12164579606440072
33 0.6580357142857143 0.6270125223613596 0.09464285714285714 0.0518783542039356
67 0.7642857142857142 0.6305903398926654 0.1125 0.06440071556350627
33 0.14464285714285716 0.1967799642218247 0.1392857142857143 0.11091234347048301
55 0.26517857142857143 0.7280858676207513 0.21785714285714286 0.15384615384615385
38 0.4133928571428571 0.19320214669051877 0.05892857142857143 0.09660107334525939
98 0.8839285714285714 0.23613595706618962 0.0625 0.10554561717352415
38 0.8526785714285714 0.6323792486583184 0.0375 0.04830053667262969
45 0.3339285714285714 0.7209302325581395 0.06964285714285715 0.11270125223613596