85 0.10089285714285715 0.6493738819320215 0.13214285714285715 0.11270125223613596
55 0.6133928571428572 0.18604651162790697 0.14107142857142857 0.1001788908765653
54 0.24196428571428572 0.1967799642218247 0.23035714285714284 0.16457960644007155
67 0.26785714285714285 0.648479427549195 0.18392857142857144 0.11985688729874776
67 0.8017857142857143 0.6788908765652951 0.14285714285714285 0.13059033989266547
67 0.7526785714285714 0.1815742397137746 0.14464285714285716 0.10554561717352415
33 0.6696428571428571 0.7164579606440071 0.13035714285714287 0.11627906976744186
59 0.42232142857142857 0.6457960644007156 0.06964285714285715 0.09123434704830054
59 0.41696428571428573 0.2370304114490161 0.08392857142857142 0.08765652951699464
59 0.8660714285714286 0.18336314847942756 0.0625 0.07513416815742398
38 0.8991071428571429 0.6574239713774598 0.05714285714285714 0.10554561717352415