67 0.7803571428571429 0.7101967799642218 0.16607142857142856 0.1556350626118068
33 0.6258928571428571 0.7084078711985689 0.14107142857142857 0.13059033989266547
67 0.2982142857142857 0.20214669051878353 0.17142857142857143 0.14311270125223613
33 0.6169642857142857 0.2003577817531306 0.16071428571428573 0.1252236135957066
67 0.7875 0.19141323792486584 0.175 0.1413237924865832
33 0.11875 0.7674418604651163 0.11071428571428571 0.18962432915921287
67 0.2392857142857143 0.778175313059034 0.125 0.2182468694096601
33 0.13660714285714284 0.2039355992844365 0.14821428571428572 0.11627906976744186
38 0.42857142857142855 0.19320214669051877 0.06607142857142857 0.11449016100178891
20 0.9026785714285714 0.7093023255813954 0.05714285714285714 0.11985688729874776
38 0.9142857142857143 0.19051878354203935 0.07321428571428572 0.11627906976744186
62 0.33839285714285716 0.7906976744186046 0.06428571428571428 0.19141323792486584