10 0.3410714285714286 0.1806797853309481 0.05 0.09302325581395349
26 0.21785714285714286 0.18962432915921287 0.16428571428571428 0.12343470483005367
55 0.6241071428571429 0.6896243291592129 0.15 0.1449016100178891
67 0.7785714285714286 0.6932021466905188 0.1625 0.16636851520572452
99 0.9 0.6806797853309481 0.05892857142857143 0.14669051878354203
67 0.3125 0.6949910554561717 0.1375 0.1556350626118068
67 0.7205357142857143 0.1744186046511628 0.06964285714285715 0.06440071556350627
55 0.1732142857142857 0.6994633273703041 0.14642857142857144 0.14311270125223613
33 0.6553571428571429 0.16815742397137745 0.055357142857142855 0.057245080500894455
33 0.17232142857142857 0.6985688729874776 0.14821428571428572 0.14311270125223613
11 0.4133928571428571 0.6967799642218246 0.060714285714285714 0.12701252236135957
71 0.4125 0.6967799642218246 0.060714285714285714 0.12701252236135957
53 0.7716785714285714 0.17250447227191415 0.02805357142857143 0.06899821109123434