42 0.21875 0.6610017889087657 0.26607142857142857 0.11985688729874776
67 0.78125 0.7101967799642218 0.16785714285714284 0.15384615384615385
33 0.1392857142857143 0.19946332737030412 0.14107142857142857 0.12880143112701253
67 0.29642857142857143 0.20304114490161002 0.16964285714285715 0.16994633273703041
33 0.625 0.7030411449016101 0.14107142857142857 0.12343470483005367
33 0.6580357142857143 0.2039355992844365 0.11428571428571428 0.12164579606440072
67 0.7901785714285714 0.20214669051878353 0.15357142857142858 0.1413237924865832
38 0.9080357142857143 0.7003577817531306 0.06428571428571428 0.12164579606440072
38 0.4232142857142857 0.20214669051878353 0.06428571428571428 0.12701252236135957
43 0.39553571428571427 0.6386404293381037 0.05 0.09302325581395349
31 0.8973214285714286 0.19856887298747763 0.05892857142857143 0.1037567084078712
20 0.8973214285714286 0.19856887298747763 0.05892857142857143 0.1037567084078712