65 0.6973214285714285 0.6627906976744186 0.2982142857142857 0.1735241502683363
55 0.15982142857142856 0.6627906976744186 0.14821428571428572 0.13774597495527727
67 0.3044642857142857 0.646690518783542 0.13392857142857142 0.13774597495527727
101 0.8982142857142857 0.6556350626118068 0.06964285714285715 0.12343470483005367
17 0.3482142857142857 0.1779964221824687 0.044642857142857144 0.07334525939177101
67 0.7883928571428571 0.21645796064400716 0.1392857142857143 0.12701252236135957
33 0.6616071428571428 0.18962432915921287 0.11607142857142858 0.1037567084078712
67 0.26785714285714285 0.18246869409660108 0.10357142857142858 0.1037567084078712
33 0.17142857142857143 0.1779964221824687 0.09107142857142857 0.09123434704830054
38 0.8946428571428572 0.23434704830053668 0.05178571428571429 0.08944543828264759
11 0.4035714285714286 0.6431127012522362 0.05357142857142857 0.11985688729874776