40 0.6973214285714285 0.6699463327370304 0.24821428571428572 0.15384615384615385
33 0.1419642857142857 0.6502683363148479 0.21607142857142858 0.19320214669051877
67 0.3625 0.6529516994633273 0.22678571428571428 0.2075134168157424
67 0.2892857142857143 0.24865831842576028 0.1392857142857143 0.16100178890876565
33 0.16339285714285715 0.23076923076923078 0.11428571428571428 0.13595706618962433
33 0.6526785714285714 0.1887298747763864 0.10714285714285714 0.10196779964221825
67 0.7642857142857142 0.18962432915921287 0.11607142857142858 0.10912343470483005
43 0.8839285714285714 0.682468694096601 0.055357142857142855 0.09302325581395349
99 0.38571428571428573 0.24150268336314848 0.05714285714285714 0.15384615384615385
99 0.07946428571428571 0.8416815742397138 0.08571428571428572 0.16636851520572452
10 0.85 0.19230769230769232 0.04642857142857143 0.08765652951699464