84 0.7178571428571429 0.6923076923076923 0.30178571428571427 0.16100178890876565
67 0.3053571428571429 0.19230769230769232 0.1875 0.1771019677996422
33 0.6196428571428572 0.2003577817531306 0.1375 0.1252236135957066
67 0.7741071428571429 0.2075134168157424 0.16607142857142856 0.1556350626118068
67 0.29196428571428573 0.686046511627907 0.18035714285714285 0.15384615384615385
33 0.13125 0.16905187835420393 0.15178571428571427 0.1413237924865832
33 0.12589285714285714 0.6592128801431127 0.14642857142857144 0.1252236135957066
38 0.9 0.20661896243291591 0.060714285714285714 0.11985688729874776
38 0.45089285714285715 0.20483005366726298 0.07321428571428572 0.13595706618962433
43 0.6392857142857142 0.8336314847942755 0.07678571428571429 0.1037567084078712
38 0.4294642857142857 0.6985688729874776 0.06607142857142857 0.11270125223613596