23 0.16607142857142856 0.19767441860465115 0.0875 0.16815742397137745
31 0.37142857142857144 0.19499105545617174 0.060714285714285714 0.13595706618962433
67 0.2669642857142857 0.2003577817531306 0.11607142857142858 0.16994633273703041
67 0.7714285714285715 0.20840787119856888 0.17142857142857143 0.1520572450805009
33 0.6125 0.2110912343470483 0.1357142857142857 0.12164579606440072
67 0.3 0.6958855098389982 0.12678571428571428 0.11627906976744186
38 0.8982142857142857 0.19856887298747763 0.0625 0.12164579606440072
33 0.18660714285714286 0.6708407871198568 0.1 0.09481216457960644
38 0.39375 0.7128801431127012 0.05 0.08407871198568873
59 0.8223214285714285 0.6457960644007156 0.05357142857142857 0.0626118067978533
50 0.7046428571428572 0.7123255813953489 0.16608928571428572 0.15651162790697673