33 0.6464285714285715 0.6735241502683363 0.18571428571428572 0.15384615384615385
55 0.6142857142857143 0.15652951699463327 0.14464285714285716 0.1001788908765653
37 0.20892857142857144 0.6645796064400715 0.14642857142857144 0.12343470483005367
55 0.14910714285714285 0.17620751341681573 0.1392857142857143 0.148479427549195
67 0.2875 0.21735241502683364 0.14464285714285716 0.16636851520572452
67 0.8348214285714286 0.6708407871198568 0.19464285714285715 0.18962432915921287
67 0.7616071428571428 0.1547406082289803 0.15178571428571427 0.11270125223613596
99 0.5803571428571429 0.8202146690518783 0.06428571428571428 0.16994633273703041
99 0.39375 0.23076923076923078 0.05892857142857143 0.13774597495527727
43 0.8839285714285714 0.16100178890876565 0.055357142857142855 0.08944543828264759
43 0.31160714285714286 0.631484794275492 0.055357142857142855 0.08407871198568873