67 0.7839285714285714 0.6887298747763864 0.16428571428571428 0.1449016100178891
33 0.63125 0.6878354203935599 0.1392857142857143 0.11985688729874776
67 0.8392857142857143 0.19141323792486584 0.19107142857142856 0.1967799642218247
33 0.6607142857142857 0.18246869409660108 0.17142857142857143 0.15742397137745975
67 0.30089285714285713 0.6985688729874776 0.16428571428571428 0.14669051878354203
33 0.14910714285714285 0.6985688729874776 0.14107142857142857 0.12343470483005367
33 0.15 0.20214669051878353 0.11964285714285715 0.08586762075134168
99 0.6008928571428571 0.32647584973166366 0.0625 0.16279069767441862
67 0.28214285714285714 0.20572450805008943 0.1392857142857143 0.09123434704830054
38 0.42232142857142857 0.6949910554561717 0.06428571428571428 0.11627906976744186
38 0.90625 0.6833631484794276 0.060714285714285714 0.10912343470483005
59 0.39553571428571427 0.20930232558139536 0.05357142857142857 0.06976744186046512