67 0.7875 0.24865831842576028 0.1625 0.13237924865831843
33 0.6366071428571428 0.6574239713774598 0.12321428571428572 0.11449016100178891
33 0.12142857142857143 0.6779964221824687 0.13214285714285715 0.09838998211091235
67 0.27053571428571427 0.6753130590339893 0.16428571428571428 0.1073345259391771
67 0.7669642857142858 0.6592128801431127 0.1392857142857143 0.13237924865831843
33 0.6366071428571428 0.25313059033989266 0.1392857142857143 0.11091234347048301
33 0.10982142857142857 0.2772808586762075 0.16428571428571428 0.1413237924865832
67 0.275 0.18336314847942756 0.18035714285714285 0.15026833631484796
38 0.39553571428571427 0.11627906976744186 0.08035714285714286 0.09302325581395349
38 0.9098214285714286 0.24508050089445438 0.05892857142857143 0.1001788908765653
43 0.39553571428571427 0.6771019677996423 0.05892857142857143 0.09123434704830054
38 0.8714285714285714 0.6565295169946332 0.05892857142857143 0.10554561717352415