67 0.7866071428571428 0.19141323792486584 0.1732142857142857 0.148479427549195
33 0.6392857142857142 0.7075134168157424 0.1357142857142857 0.11985688729874776
23 0.13125 0.6708407871198568 0.1125 0.14311270125223613
67 0.27053571428571427 0.6735241502683363 0.16785714285714284 0.1413237924865832
67 0.2598214285714286 0.18336314847942756 0.11785714285714285 0.08050089445438283
67 0.7830357142857143 0.6923076923076923 0.15714285714285714 0.13416815742397137
33 0.6232142857142857 0.20483005366726298 0.15178571428571427 0.12164579606440072
41 0.9133928571428571 0.1779964221824687 0.0625 0.1073345259391771
33 0.15089285714285713 0.18336314847942756 0.09821428571428571 0.06797853309481217
11 0.8928571428571429 0.6735241502683363 0.05892857142857143 0.1073345259391771
38 0.39375 0.6699463327370304 0.06785714285714285 0.1073345259391771
38 0.3482142857142857 0.1771019677996422 0.04107142857142857 0.0626118067978533