23 0.1625 0.684257602862254 0.09285714285714286 0.13953488372093023
67 0.2741071428571429 0.6869409660107334 0.13392857142857142 0.13953488372093023
67 0.29285714285714287 0.21198568872987478 0.15178571428571427 0.11627906976744186
67 0.7839285714285714 0.6851520572450805 0.18392857142857144 0.1520572450805009
31 0.3982142857142857 0.6914132379248659 0.0625 0.12164579606440072
33 0.15089285714285713 0.20840787119856888 0.12678571428571428 0.10196779964221825
67 0.7705357142857143 0.2298747763864043 0.1392857142857143 0.11270125223613596
33 0.6410714285714286 0.2745974955277281 0.13214285714285715 0.1037567084078712
33 0.6125 0.7486583184257602 0.16428571428571428 0.1413237924865832
38 0.8678571428571429 0.19588550983899822 0.05357142857142857 0.09123434704830054
38 0.4089285714285714 0.2110912343470483 0.055357142857142855 0.08765652951699464
38 0.9169642857142857 0.6422182468694096 0.08035714285714286 0.11985688729874776