67 0.3026785714285714 0.21556350626118068 0.17142857142857143 0.1520572450805009
33 0.14732142857142858 0.21556350626118068 0.1375 0.12343470483005367
67 0.29464285714285715 0.6744186046511628 0.1767857142857143 0.1735241502683363
67 0.8008928571428572 0.7567084078711985 0.19107142857142856 0.06618962432915922
33 0.12946428571428573 0.686046511627907 0.15357142857142858 0.13416815742397137
67 0.7848214285714286 0.19499105545617174 0.15357142857142858 0.13416815742397137
55 0.6357142857142857 0.21377459749552774 0.15357142857142858 0.12701252236135957
38 0.4357142857142857 0.6645796064400715 0.07321428571428572 0.13416815742397137
33 0.6080357142857142 0.7540250447227191 0.15714285714285714 0.059033989266547404
38 0.4276785714285714 0.20930232558139536 0.0625 0.12164579606440072
71 0.8946428571428572 0.18783542039355994 0.05714285714285714 0.1037567084078712
17 0.9580357142857143 0.7540250447227191 0.05 0.05008944543828265
33 0.6357142857142857 0.21198568872987478 0.15357142857142858 0.13237924865831843