75 0.7375 0.6914132379248659 0.21964285714285714 0.1073345259391771
67 0.25 0.18604651162790697 0.13392857142857142 0.11091234347048301
67 0.25089285714285714 0.6520572450805009 0.13035714285714287 0.09123434704830054
33 0.12946428571428573 0.6511627906976745 0.10892857142857143 0.07692307692307693
67 0.7794642857142857 0.22003577817531306 0.15714285714285714 0.13953488372093023
33 0.12410714285714286 0.18336314847942756 0.11428571428571428 0.09660107334525939
33 0.6339285714285714 0.22003577817531306 0.1375 0.11806797853309481
38 0.8919642857142858 0.21645796064400716 0.06428571428571428 0.10912343470483005
38 0.34910714285714284 0.18425760286225404 0.05 0.08586762075134168
43 0.8910714285714286 0.6976744186046512 0.05 0.08407871198568873
38 0.35 0.6502683363148479 0.04642857142857143 0.06976744186046512