37 0.6883928571428571 0.721824686940966 0.20714285714285716 0.1449016100178891
67 0.29196428571428573 0.6905187835420393 0.175 0.1592128801431127
33 0.13035714285714287 0.682468694096601 0.14285714285714285 0.1252236135957066
67 0.7767857142857143 0.2146690518783542 0.18214285714285713 0.16279069767441862
33 0.6035714285714285 0.20930232558139536 0.15714285714285714 0.12701252236135957
67 0.2830357142857143 0.17262969588550983 0.13035714285714287 0.13953488372093023
33 0.15803571428571428 0.1815742397137746 0.12678571428571428 0.12880143112701253
38 0.4232142857142857 0.6887298747763864 0.06607142857142857 0.1252236135957066
38 0.9142857142857143 0.21377459749552774 0.06785714285714285 0.11985688729874776
59 0.3821428571428571 0.17262969588550983 0.07142857142857142 0.11806797853309481
59 0.8553571428571428 0.6851520572450805 0.0875 0.10196779964221825