67 0.29285714285714287 0.21645796064400716 0.16607142857142856 0.1520572450805009
67 0.7491071428571429 0.19588550983899822 0.15535714285714286 0.14669051878354203
67 0.29642857142857143 0.682468694096601 0.17142857142857143 0.16636851520572452
33 0.13839285714285715 0.2146690518783542 0.1392857142857143 0.11270125223613596
33 0.1357142857142857 0.6779964221824687 0.14821428571428572 0.14311270125223613
67 0.7991071428571429 0.684257602862254 0.16071428571428573 0.13059033989266547
53 0.8642857142857143 0.1815742397137746 0.06428571428571428 0.11270125223613596
33 0.65 0.684257602862254 0.1392857142857143 0.11806797853309481
23 0.6178571428571429 0.2075134168157424 0.10357142857142858 0.13774597495527727
38 0.41875 0.21735241502683364 0.06428571428571428 0.11449016100178891
38 0.9178571428571428 0.682468694096601 0.060714285714285714 0.10196779964221825
38 0.42678571428571427 0.6771019677996423 0.06428571428571428 0.12880143112701253