67 0.7794642857142857 0.240608228980322 0.15714285714285714 0.1449016100178891
67 0.7848214285714286 0.6985688729874776 0.16428571428571428 0.14669051878354203
33 0.6205357142857143 0.2441860465116279 0.15357142857142858 0.12343470483005367
33 0.15178571428571427 0.14937388193202147 0.125 0.09838998211091235
33 0.6330357142857143 0.6976744186046512 0.14107142857142857 0.1252236135957066
67 0.29285714285714287 0.1779964221824687 0.14821428571428572 0.11449016100178891
38 0.9053571428571429 0.6949910554561717 0.060714285714285714 0.11449016100178891
59 0.41160714285714284 0.20214669051878353 0.055357142857142855 0.08228980322003578
20 0.22232142857142856 0.610912343470483 0.03214285714285714 0.09481216457960644
59 0.9098214285714286 0.23971377459749552 0.07321428571428572 0.11806797853309481
57 0.14732142857142858 0.6153846153846154 0.09642857142857143 0.13595706618962433