76 0.7241071428571428 0.6788908765652951 0.1625 0.13774597495527727
33 0.1625 0.7012522361359571 0.1357142857142857 0.1037567084078712
67 0.3 0.21735241502683364 0.14285714285714285 0.1413237924865832
33 0.6232142857142857 0.24865831842576028 0.12142857142857143 0.1037567084078712
67 0.7553571428571428 0.2441860465116279 0.14107142857142857 0.12164579606440072
67 0.3044642857142857 0.6940966010733453 0.15 0.11449016100178891
55 0.16071428571428573 0.22450805008944544 0.1392857142857143 0.13953488372093023
38 0.41160714285714284 0.6878354203935599 0.05892857142857143 0.09123434704830054
99 0.4035714285714286 0.20214669051878353 0.05892857142857143 0.13774597495527727
31 0.8589285714285714 0.23792486583184258 0.055357142857142855 0.09481216457960644
20 0.8580357142857142 0.23792486583184258 0.05357142857142857 0.09481216457960644
71 0.8616071428571429 0.682468694096601 0.044642857142857144 0.10554561717352415