10 0.4089285714285714 0.682468694096601 0.07678571428571429 0.11806797853309481
55 0.6419642857142858 0.2182468694096601 0.14464285714285716 0.13237924865831843
67 0.78125 0.21735241502683364 0.1392857142857143 0.13953488372093023
67 0.7785714285714286 0.6932021466905188 0.1625 0.1556350626118068
67 0.26875 0.667262969588551 0.18214285714285713 0.1592128801431127
33 0.6294642857142857 0.6887298747763864 0.13392857142857142 0.12701252236135957
67 0.2714285714285714 0.18246869409660108 0.15535714285714286 0.1001788908765653
23 0.11428571428571428 0.6547406082289803 0.11428571428571428 0.14669051878354203
33 0.12678571428571428 0.18425760286225404 0.13035714285714287 0.09660107334525939
20 0.8955357142857143 0.6914132379248659 0.05892857142857143 0.11985688729874776
43 0.39375 0.1806797853309481 0.055357142857142855 0.08407871198568873
81 0.8821428571428571 0.21735241502683364 0.05357142857142857 0.1073345259391771