37 0.6589285714285714 0.19946332737030412 0.12678571428571428 0.16815742397137745
67 0.29196428571428573 0.6985688729874776 0.17142857142857143 0.16100178890876565
33 0.13839285714285715 0.6529516994633273 0.1375 0.13059033989266547
85 0.12946428571428573 0.20840787119856888 0.1 0.09481216457960644
67 0.7669642857142858 0.6851520572450805 0.12678571428571428 0.13595706618962433
38 0.775 0.2075134168157424 0.048214285714285716 0.12343470483005367
67 0.24107142857142858 0.19320214669051877 0.13035714285714287 0.09838998211091235
33 0.6464285714285715 0.7361359570661896 0.12142857142857143 0.13237924865831843
38 0.425 0.7245080500894454 0.06607142857142857 0.11806797853309481
99 0.8535714285714285 0.6475849731663685 0.05178571428571429 0.11270125223613596
59 0.3366071428571429 0.1744186046511628 0.05357142857142857 0.06976744186046512