57 0.6982142857142857 0.6896243291592129 0.24285714285714285 0.13953488372093023
67 0.7883928571428571 0.21198568872987478 0.15892857142857142 0.16279069767441862
67 0.2839285714285714 0.7182468694096601 0.18214285714285713 0.17173524150268335
67 0.26785714285714285 0.2146690518783542 0.16071428571428573 0.13595706618962433
33 0.12053571428571429 0.6815742397137746 0.14107142857142857 0.148479427549195
33 0.6392857142857142 0.20483005366726298 0.1375 0.13595706618962433
23 0.13392857142857142 0.24865831842576028 0.10892857142857143 0.13237924865831843
38 0.9071428571428571 0.21198568872987478 0.05892857142857143 0.12343470483005367
43 0.8758928571428571 0.6779964221824687 0.06785714285714285 0.10196779964221825
38 0.41964285714285715 0.7441860465116279 0.07321428571428572 0.12880143112701253
38 0.38571428571428573 0.18783542039355994 0.06428571428571428 0.1037567084078712