26 0.7125 0.6610017889087657 0.28214285714285714 0.23434704830053668
31 0.35625 0.6475849731663685 0.06785714285714285 0.1449016100178891
23 0.14642857142857144 0.6395348837209303 0.0875 0.16100178890876565
67 0.24821428571428572 0.6440071556350626 0.12142857142857143 0.16100178890876565
67 0.2982142857142857 0.22450805008944544 0.16071428571428573 0.15384615384615385
33 0.14821428571428572 0.2182468694096601 0.13392857142857142 0.12880143112701253
67 0.7839285714285714 0.23076923076923078 0.15535714285714286 0.13953488372093023
41 0.9 0.24865831842576028 0.05714285714285714 0.1001788908765653
33 0.6410714285714286 0.20930232558139536 0.12857142857142856 0.11985688729874776
99 0.8875 0.7173524150268337 0.07678571428571429 0.16100178890876565
41 0.4205357142857143 0.22003577817531306 0.0625 0.11627906976744186