67 0.30357142857142855 0.21198568872987478 0.17142857142857143 0.1592128801431127
33 0.14642857142857144 0.20214669051878353 0.14107142857142857 0.12880143112701253
67 0.7642857142857142 0.22540250447227192 0.1732142857142857 0.16636851520572452
33 0.13125 0.667262969588551 0.14285714285714285 0.13416815742397137
67 0.29375 0.6949910554561717 0.175 0.17173524150268335
33 0.6053571428571428 0.1851520572450805 0.14107142857142857 0.13595706618962433
67 0.7875 0.6815742397137746 0.13035714285714287 0.1073345259391771
33 0.6669642857142857 0.7343470483005367 0.11607142857142858 0.10554561717352415
38 0.8946428571428572 0.24686940966010734 0.06785714285714285 0.11985688729874776
38 0.4232142857142857 0.7030411449016101 0.06785714285714285 0.13059033989266547
38 0.4294642857142857 0.21377459749552774 0.0625 0.12343470483005367
38 0.8776785714285714 0.644901610017889 0.05357142857142857 0.08586762075134168