79 0.7089285714285715 0.646690518783542 0.26071428571428573 0.13416815742397137
41 0.4205357142857143 0.18694096601073346 0.060714285714285714 0.11806797853309481
33 0.1392857142857143 0.6833631484794276 0.14821428571428572 0.13774597495527727
67 0.29642857142857143 0.18962432915921287 0.16607142857142856 0.15742397137745975
67 0.30357142857142855 0.6788908765652951 0.175 0.16815742397137745
67 0.7839285714285714 0.21645796064400716 0.15535714285714286 0.12164579606440072
33 0.6419642857142858 0.21556350626118068 0.13035714285714287 0.1037567084078712
33 0.14375 0.18336314847942756 0.1392857142857143 0.12880143112701253
41 0.9026785714285714 0.21556350626118068 0.05714285714285714 0.09123434704830054
43 0.8696428571428572 0.6377459749552773 0.05 0.09123434704830054
38 0.43392857142857144 0.6744186046511628 0.06964285714285715 0.13416815742397137