82 0.21607142857142858 0.18962432915921287 0.15178571428571427 0.08407871198568873
53 0.9160714285714285 0.7602862254025045 0.05892857142857143 0.11091234347048301
67 0.7732142857142857 0.2075134168157424 0.14642857142857144 0.12164579606440072
67 0.29732142857142857 0.7003577817531306 0.14285714285714285 0.12701252236135957
67 0.80625 0.7075134168157424 0.14464285714285716 0.15384615384615385
33 0.1625 0.6681574239713775 0.12678571428571428 0.10554561717352415
33 0.6357142857142857 0.2075134168157424 0.12678571428571428 0.1073345259391771
33 0.6741071428571429 0.6493738819320215 0.12321428571428572 0.13059033989266547
38 0.40535714285714286 0.725402504472272 0.05178571428571429 0.08944543828264759
38 0.8803571428571428 0.20214669051878353 0.05714285714285714 0.09302325581395349
59 0.3419642857142857 0.1771019677996422 0.05178571428571429 0.07513416815742398