67 0.29464285714285715 0.6753130590339893 0.1875 0.1771019677996422
67 0.7875 0.6699463327370304 0.17857142857142858 0.1592128801431127
33 0.12678571428571428 0.6180679785330948 0.14285714285714285 0.14669051878354203
67 0.2892857142857143 0.20483005366726298 0.1767857142857143 0.18246869409660108
33 0.6205357142857143 0.7084078711985689 0.15535714285714286 0.1252236135957066
33 0.13392857142857142 0.18604651162790697 0.1357142857142857 0.15384615384615385
38 0.91875 0.646690518783542 0.06607142857142857 0.11806797853309481
38 0.4401785714285714 0.7137745974955277 0.06964285714285715 0.1252236135957066
59 0.8928571428571429 0.148479427549195 0.06964285714285715 0.08944543828264759
38 0.41696428571428573 0.20483005366726298 0.06964285714285715 0.13237924865831843
27 0.6928571428571428 0.16994633273703041 0.29464285714285715 0.12343470483005367