23 0.6428571428571429 0.7084078711985689 0.09642857142857143 0.12343470483005367
67 0.29196428571428573 0.6878354203935599 0.1625 0.17173524150268335
67 0.7625 0.21735241502683364 0.16607142857142856 0.1592128801431127
104 0.1705357142857143 0.1779964221824687 0.1732142857142857 0.15026833631484796
33 0.1419642857142857 0.6806797853309481 0.13392857142857142 0.13595706618962433
67 0.7616071428571428 0.6771019677996423 0.14464285714285716 0.13595706618962433
33 0.6107142857142858 0.1967799642218247 0.1357142857142857 0.13237924865831843
43 0.31339285714285714 0.17978533094812166 0.048214285714285716 0.10912343470483005
38 0.41160714285714284 0.6878354203935599 0.06607142857142857 0.12701252236135957
20 0.8875 0.2262969588550984 0.06964285714285715 0.12343470483005367
41 0.8633928571428572 0.6592128801431127 0.05357142857142857 0.09660107334525939
31 0.8875 0.22719141323792486 0.06785714285714285 0.12343470483005367