85 0.6294642857142857 0.1806797853309481 0.11785714285714285 0.13059033989266547
67 0.7803571428571429 0.7048300536672629 0.17142857142857143 0.15384615384615385
67 0.3080357142857143 0.20304114490161002 0.18035714285714285 0.16457960644007155
33 0.14017857142857143 0.21377459749552774 0.15178571428571427 0.13237924865831843
67 0.7741071428571429 0.1967799642218247 0.15892857142857142 0.15742397137745975
33 0.6214285714285714 0.6905187835420393 0.14285714285714285 0.12343470483005367
67 0.29464285714285715 0.6636851520572451 0.19107142857142856 0.16279069767441862
33 0.12053571428571429 0.7155635062611807 0.16785714285714284 0.14669051878354203
41 0.8955357142857143 0.20661896243291591 0.05892857142857143 0.11270125223613596
38 0.9071428571428571 0.7093023255813954 0.060714285714285714 0.11270125223613596
38 0.44107142857142856 0.1967799642218247 0.06428571428571428 0.12701252236135957
38 0.4303571428571429 0.627906976744186 0.08214285714285714 0.13059033989266547