67 0.7383928571428572 0.6869409660107334 0.15535714285714286 0.13595706618962433
67 0.7669642857142858 0.2262969588550984 0.16428571428571428 0.15026833631484796
67 0.30892857142857144 0.2110912343470483 0.16071428571428573 0.1037567084078712
10 0.8589285714285714 0.7119856887298748 0.06964285714285715 0.09838998211091235
23 0.6116071428571429 0.6592128801431127 0.09642857142857143 0.11985688729874776
33 0.15535714285714286 0.21914132379248658 0.1392857142857143 0.09302325581395349
38 0.42678571428571427 0.20661896243291591 0.05178571428571429 0.07513416815742398
23 0.63125 0.2370304114490161 0.10535714285714286 0.14311270125223613
76 0.18571428571428572 0.6869409660107334 0.08214285714285714 0.1413237924865832
71 0.24732142857142858 0.6896243291592129 0.030357142857142857 0.11091234347048301
76 0.18660714285714286 0.6869409660107334 0.08035714285714286 0.1413237924865832