67 0.29464285714285715 0.682468694096601 0.16785714285714284 0.1520572450805009
23 0.12589285714285714 0.167262969588551 0.10714285714285714 0.14669051878354203
67 0.2517857142857143 0.1475849731663685 0.14642857142857144 0.13953488372093023
33 0.6080357142857142 0.684257602862254 0.13392857142857142 0.13774597495527727
33 0.1375 0.6762075134168157 0.14107142857142857 0.11270125223613596
67 0.7571428571428571 0.7200357781753131 0.1625 0.16100178890876565
59 0.8857142857142857 0.16815742397137745 0.060714285714285714 0.07334525939177101
38 0.42589285714285713 0.6851520572450805 0.0625 0.10554561717352415
41 0.8758928571428571 0.7370304114490162 0.06964285714285715 0.11985688729874776
48 0.3830357142857143 0.11001788908765653 0.08571428571428572 0.11985688729874776
27 0.7091785714285714 0.1852772808586762 0.2653035714285714 0.08432915921288014