100 0.6660714285714285 0.6583184257602862 0.2517857142857143 0.12701252236135957
67 0.29375 0.6806797853309481 0.15178571428571427 0.14311270125223613
33 0.14821428571428572 0.6851520572450805 0.13392857142857142 0.1252236135957066
55 0.15178571428571427 0.14221824686940965 0.1357142857142857 0.12701252236135957
67 0.7830357142857143 0.2075134168157424 0.17857142857142858 0.16279069767441862
55 0.6125 0.1806797853309481 0.16607142857142856 0.13774597495527727
67 0.2883928571428571 0.18962432915921287 0.14107142857142857 0.14669051878354203
71 0.9205357142857142 0.22898032200357782 0.06428571428571428 0.11270125223613596
11 0.4044642857142857 0.6797853309481217 0.05357142857142857 0.11449016100178891
59 0.40267857142857144 0.23076923076923078 0.06964285714285715 0.1037567084078712
43 0.8410714285714286 0.6422182468694096 0.05892857142857143 0.08944543828264759