56 0.2080357142857143 0.6413237924865832 0.2785714285714286 0.13774597495527727
67 0.29732142857142857 0.19856887298747763 0.14285714285714285 0.16636851520572452
72 0.6875 0.14579606440071557 0.1732142857142857 0.11985688729874776
67 0.7883928571428571 0.6654740608228981 0.1625 0.1592128801431127
33 0.6348214285714285 0.6753130590339893 0.14285714285714285 0.13595706618962433
99 0.40535714285714286 0.20840787119856888 0.060714285714285714 0.14311270125223613
59 0.825 0.12790697674418605 0.0625 0.08228980322003578
59 0.4035714285714286 0.6583184257602862 0.05892857142857143 0.08407871198568873
33 0.15982142857142856 0.14669051878354203 0.13392857142857142 0.13416815742397137
38 0.9026785714285714 0.6529516994633273 0.060714285714285714 0.13416815742397137
55 0.15982142857142856 0.148479427549195 0.13392857142857142 0.13595706618962433