55 0.6589285714285714 0.22450805008944544 0.14821428571428572 0.13416815742397137
67 0.3 0.2039355992844365 0.16964285714285715 0.1520572450805009
67 0.7651785714285714 0.7039355992844365 0.16607142857142856 0.13953488372093023
33 0.14285714285714285 0.22271914132379247 0.14285714285714285 0.12343470483005367
23 0.6276785714285714 0.7048300536672629 0.10892857142857143 0.13953488372093023
67 0.7928571428571428 0.18783542039355994 0.12857142857142856 0.13774597495527727
43 0.37589285714285714 0.6627906976744186 0.075 0.15742397137745975
38 0.8883928571428571 0.7003577817531306 0.06428571428571428 0.10912343470483005
42 0.19910714285714284 0.7093023255813954 0.2767857142857143 0.2182468694096601
17 0.42678571428571427 0.1887298747763864 0.07142857142857142 0.11449016100178891
11 0.8767857142857143 0.17620751341681573 0.05178571428571429 0.11449016100178891