12 0.6875 0.1547406082289803 0.25535714285714284 0.1806797853309481
85 0.1455357142857143 0.6636851520572451 0.11964285714285715 0.13774597495527727
67 0.2955357142857143 0.21556350626118068 0.15535714285714286 0.1556350626118068
67 0.2910714285714286 0.6788908765652951 0.16071428571428573 0.15742397137745975
33 0.14910714285714285 0.2075134168157424 0.1357142857142857 0.12880143112701253
67 0.7776785714285714 0.6762075134168157 0.1375 0.12701252236135957
33 0.6464285714285715 0.6932021466905188 0.12857142857142856 0.10912343470483005
41 0.42232142857142857 0.21288014311270126 0.06785714285714285 0.11985688729874776
71 0.8696428571428572 0.16189624329159213 0.05892857142857143 0.1413237924865832
41 0.4125 0.6887298747763864 0.05714285714285714 0.11270125223613596
41 0.8758928571428571 0.6610017889087657 0.055357142857142855 0.09481216457960644