14 0.6928571428571428 0.6270125223613596 0.25892857142857145 0.16994633273703041
77 0.7455357142857143 0.18246869409660108 0.175 0.1001788908765653
31 0.8910714285714286 0.629695885509839 0.08035714285714286 0.15384615384615385
33 0.14821428571428572 0.22540250447227192 0.125 0.10196779964221825
67 0.28482142857142856 0.22898032200357782 0.15 0.11985688729874776
58 0.17232142857142857 0.6753130590339893 0.09464285714285714 0.12164579606440072
38 0.39375 0.22808586762075134 0.05892857142857143 0.09481216457960644
59 0.8758928571428571 0.1771019677996422 0.04642857142857143 0.08228980322003578
11 0.25089285714285714 0.6753130590339893 0.0375 0.08407871198568873
71 0.875 0.1771019677996422 0.044642857142857144 0.08228980322003578
20 0.25089285714285714 0.6744186046511628 0.039285714285714285 0.08407871198568873