55 0.6392857142857142 0.2182468694096601 0.15 0.1413237924865832
67 0.79375 0.19856887298747763 0.15535714285714286 0.15026833631484796
67 0.29285714285714287 0.6788908765652951 0.17142857142857143 0.16636851520572452
33 0.6205357142857143 0.6699463327370304 0.14464285714285716 0.11627906976744186
67 0.3142857142857143 0.1744186046511628 0.19464285714285715 0.1592128801431127
53 0.45267857142857143 0.1440071556350626 0.0625 0.11806797853309481
99 0.90625 0.17620751341681573 0.05892857142857143 0.13416815742397137
33 0.13303571428571428 0.6744186046511628 0.14464285714285716 0.12880143112701253
33 0.13125 0.22093023255813954 0.175 0.13595706618962433
67 0.7785714285714286 0.6779964221824687 0.16785714285714284 0.1413237924865832
38 0.4205357142857143 0.6779964221824687 0.06607142857142857 0.12164579606440072
38 0.9035714285714286 0.6833631484794276 0.060714285714285714 0.10554561717352415