67 0.30089285714285713 0.6905187835420393 0.16785714285714284 0.1592128801431127
67 0.7785714285714286 0.6833631484794276 0.17142857142857143 0.148479427549195
33 0.14375 0.6896243291592129 0.14107142857142857 0.12880143112701253
23 0.5892857142857143 0.18783542039355994 0.11785714285714285 0.15026833631484796
33 0.61875 0.6878354203935599 0.14464285714285716 0.1252236135957066
67 0.7473214285714286 0.20661896243291591 0.18928571428571428 0.17173524150268335
67 0.29642857142857143 0.21914132379248658 0.15 0.1449016100178891
33 0.15803571428571428 0.22003577817531306 0.12678571428571428 0.1252236135957066
41 0.4044642857142857 0.22182468694096602 0.060714285714285714 0.11449016100178891
38 0.42678571428571427 0.6869409660107334 0.06428571428571428 0.13059033989266547
38 0.9053571428571429 0.6788908765652951 0.0625 0.11627906976744186
32 0.8919642857142858 0.22450805008944544 0.07678571428571429 0.13237924865831843