89 0.19732142857142856 0.18425760286225404 0.16607142857142856 0.10554561717352415
67 0.2910714285714286 0.6949910554561717 0.1625 0.1556350626118068
67 0.7723214285714286 0.1887298747763864 0.16785714285714284 0.15384615384615385
71 0.8982142857142857 0.7316636851520573 0.06607142857142857 0.1073345259391771
67 0.7633928571428571 0.6958855098389982 0.18571428571428572 0.148479427549195
33 0.6151785714285715 0.1887298747763864 0.14285714285714285 0.12343470483005367
33 0.1375 0.6878354203935599 0.1392857142857143 0.12164579606440072
23 0.6116071428571429 0.6565295169946332 0.11964285714285715 0.13774597495527727
38 0.8982142857142857 0.18604651162790697 0.0625 0.11627906976744186
38 0.4107142857142857 0.6958855098389982 0.060714285714285714 0.11449016100178891
43 0.33035714285714285 0.17531305903398928 0.048214285714285716 0.08050089445438283