75 0.7035714285714286 0.7093023255813954 0.20535714285714285 0.13953488372093023
92 0.86875 0.7173524150268337 0.04642857142857143 0.09838998211091235
33 0.12857142857142856 0.16994633273703041 0.1375 0.13416815742397137
67 0.28482142857142856 0.19499105545617174 0.1732142857142857 0.1556350626118068
41 0.41875 0.7227191413237924 0.06428571428571428 0.11449016100178891
67 0.2955357142857143 0.7012522361359571 0.16607142857142856 0.15384615384615385
67 0.7991071428571429 0.21645796064400716 0.1625 0.1073345259391771
33 0.14464285714285716 0.6815742397137746 0.13392857142857142 0.12164579606440072
33 0.6544642857142857 0.2692307692307692 0.15357142857142858 0.10554561717352415
38 0.4142857142857143 0.2101967799642218 0.06428571428571428 0.11270125223613596
43 0.9080357142857143 0.17978533094812166 0.05714285714285714 0.07692307692307693