33 0.6455357142857143 0.29069767441860467 0.11964285714285715 0.09481216457960644
67 0.7866071428571428 0.6726296958855098 0.16428571428571428 0.16457960644007155
33 0.6321428571428571 0.6708407871198568 0.14285714285714285 0.1413237924865832
33 0.12232142857142857 0.6547406082289803 0.15357142857142858 0.13237924865831843
67 0.2883928571428571 0.6502683363148479 0.175 0.15384615384615385
67 0.7678571428571429 0.2844364937388193 0.12321428571428572 0.1001788908765653
38 0.9089285714285714 0.6708407871198568 0.0625 0.12701252236135957
59 0.3919642857142857 0.2003577817531306 0.055357142857142855 0.07692307692307693
38 0.42142857142857143 0.6457960644007156 0.07142857142857142 0.1252236135957066
52 0.8642857142857143 0.2844364937388193 0.0625 0.08586762075134168
88 0.22232142857142856 0.17531305903398928 0.25357142857142856 0.12343470483005367