70 0.6910714285714286 0.18962432915921287 0.2625 0.13237924865831843
67 0.3 0.18962432915921287 0.16071428571428573 0.16457960644007155
23 0.6455357142857143 0.7012522361359571 0.09821428571428571 0.12164579606440072
33 0.14642857142857144 0.18246869409660108 0.1375 0.13237924865831843
67 0.775 0.7093023255813954 0.15357142857142858 0.12880143112701253
67 0.30892857142857144 0.7128801431127012 0.14107142857142857 0.13953488372093023
33 0.175 0.6663685152057245 0.12142857142857143 0.12164579606440072
41 0.8928571428571429 0.7200357781753131 0.055357142857142855 0.09123434704830054
48 0.41517857142857145 0.7450805008944544 0.05714285714285714 0.10554561717352415
59 0.8589285714285714 0.1475849731663685 0.0625 0.07692307692307693
99 0.41964285714285715 0.18425760286225404 0.06428571428571428 0.13595706618962433