31 0.4133928571428571 0.6493738819320215 0.08214285714285714 0.14311270125223613
67 0.78125 0.7030411449016101 0.15714285714285714 0.1449016100178891
67 0.7633928571428571 0.22093023255813954 0.15535714285714286 0.15384615384615385
23 0.6330357142857143 0.20930232558139536 0.10535714285714286 0.1520572450805009
33 0.12589285714285714 0.18604651162790697 0.14821428571428572 0.14311270125223613
23 0.13035714285714287 0.6574239713774598 0.1375 0.18246869409660108
67 0.29017857142857145 0.22898032200357782 0.18035714285714285 0.17173524150268335
67 0.2857142857142857 0.6493738819320215 0.175 0.1735241502683363
33 0.6348214285714285 0.6949910554561717 0.13392857142857142 0.11985688729874776
38 0.8991071428571429 0.7030411449016101 0.05714285714285714 0.11270125223613596
38 0.8767857142857143 0.21556350626118068 0.06428571428571428 0.12164579606440072
38 0.42232142857142857 0.26028622540250446 0.06607142857142857 0.11985688729874776