13 0.2 0.6717352415026834 0.125 0.1771019677996422
67 0.8017857142857143 0.1547406082289803 0.1357142857142857 0.1449016100178891
85 0.66875 0.16100178890876565 0.13035714285714287 0.13953488372093023
103 0.3080357142857143 0.6440071556350626 0.06785714285714285 0.16279069767441862
67 0.28660714285714284 0.21645796064400716 0.16428571428571428 0.15384615384615385
33 0.1392857142857143 0.19946332737030412 0.13392857142857142 0.13416815742397137
67 0.7571428571428571 0.6440071556350626 0.13392857142857142 0.11449016100178891
33 0.6276785714285714 0.6663685152057245 0.12678571428571428 0.10912343470483005
11 0.4044642857142857 0.2262969588550984 0.060714285714285714 0.11449016100178891
38 0.8526785714285714 0.627906976744186 0.048214285714285716 0.08586762075134168
90 0.5991071428571428 0.29427549194991054 0.060714285714285714 0.11627906976744186