39 0.17767857142857144 0.6556350626118068 0.2642857142857143 0.20214669051878353
67 0.7535714285714286 0.20304114490161002 0.15535714285714286 0.16279069767441862
67 0.7508928571428571 0.6878354203935599 0.14821428571428572 0.09302325581395349
33 0.6151785714285715 0.16994633273703041 0.11607142857142858 0.13953488372093023
33 0.6089285714285714 0.7155635062611807 0.14107142857142857 0.08586762075134168
59 0.8651785714285715 0.6645796064400715 0.05714285714285714 0.06440071556350627
59 0.35535714285714287 0.5885509838998211 0.08214285714285714 0.1073345259391771
38 0.8723214285714286 0.22182468694096602 0.06964285714285715 0.1252236135957066
67 0.21160714285714285 0.33184257602862255 0.08035714285714286 0.1806797853309481
11 0.26875 0.29964221824686943 0.03571428571428571 0.14311270125223613
33 0.11989285714285715 0.37694096601073346 0.09183928571428572 0.20189624329159211