72 0.20089285714285715 0.6288014311270125 0.18035714285714285 0.11806797853309481
33 0.6303571428571428 0.2110912343470483 0.1375 0.12343470483005367
67 0.7821428571428571 0.21288014311270126 0.16428571428571428 0.1520572450805009
33 0.11160714285714286 0.22361359570661896 0.14821428571428572 0.07871198568872988
67 0.28214285714285714 0.22361359570661896 0.18214285714285713 0.09481216457960644
59 0.34017857142857144 0.6100178890876565 0.06607142857142857 0.08407871198568873
43 0.66875 0.8855098389982111 0.07142857142857142 0.11449016100178891
38 0.42232142857142857 0.22182468694096602 0.05714285714285714 0.07334525939177101
14 0.7285714285714285 0.6878354203935599 0.25 0.21645796064400716
20 0.9035714285714286 0.21377459749552774 0.0625 0.13059033989266547
41 0.9044642857142857 0.21377459749552774 0.0625 0.13059033989266547