77 0.20267857142857143 0.6413237924865832 0.18392857142857144 0.1001788908765653
67 0.7857142857142857 0.7200357781753131 0.16964285714285715 0.14669051878354203
67 0.27589285714285716 0.2110912343470483 0.1357142857142857 0.148479427549195
67 0.7678571428571429 0.23255813953488372 0.12857142857142856 0.1449016100178891
23 0.16517857142857142 0.21198568872987478 0.08928571428571429 0.13774597495527727
33 0.63125 0.7012522361359571 0.1392857142857143 0.12164579606440072
59 0.3410714285714286 0.6368515205724508 0.04642857142857143 0.08228980322003578
55 0.64375 0.2182468694096601 0.12321428571428572 0.13059033989266547
38 0.9116071428571428 0.7262969588550984 0.05892857142857143 0.10912343470483005
11 0.38035714285714284 0.21377459749552774 0.060714285714285714 0.11806797853309481
31 0.8633928571428572 0.23434704830053668 0.05892857142857143 0.11091234347048301