75 0.20892857142857144 0.22719141323792486 0.2125 0.13774597495527727
67 0.7848214285714286 0.6833631484794276 0.175 0.148479427549195
67 0.3 0.6771019677996423 0.14642857142857144 0.1449016100178891
33 0.6223214285714286 0.684257602862254 0.14464285714285716 0.1252236135957066
67 0.7758928571428572 0.2298747763864043 0.1392857142857143 0.10912343470483005
33 0.6455357142857143 0.24597495527728086 0.125 0.09660107334525939
33 0.15892857142857142 0.6717352415026834 0.125 0.11449016100178891
38 0.9151785714285714 0.682468694096601 0.0625 0.11627906976744186
38 0.4080357142857143 0.6753130590339893 0.05892857142857143 0.11270125223613596
38 0.8758928571428571 0.21735241502683364 0.05 0.08407871198568873
59 0.35535714285714287 0.1851520572450805 0.05714285714285714 0.08228980322003578