67 0.29732142857142857 0.17620751341681573 0.16607142857142856 0.16994633273703041
67 0.7732142857142857 0.6976744186046512 0.15892857142857142 0.13774597495527727
67 0.7803571428571429 0.2182468694096601 0.175 0.16279069767441862
33 0.14285714285714285 0.16547406082289803 0.1375 0.13774597495527727
67 0.30625 0.7119856887298748 0.14821428571428572 0.12164579606440072
33 0.6258928571428571 0.6967799642218246 0.13392857142857142 0.11270125223613596
33 0.61875 0.1735241502683363 0.14285714285714285 0.13774597495527727
33 0.16607142857142856 0.7119856887298748 0.12857142857142856 0.1073345259391771
41 0.4205357142857143 0.17173524150268335 0.06428571428571428 0.13237924865831843
38 0.9125 0.2522361359570662 0.06428571428571428 0.11091234347048301
38 0.8919642857142858 0.6940966010733453 0.05892857142857143 0.10912343470483005
38 0.41785714285714287 0.7101967799642218 0.05892857142857143 0.09481216457960644