77 0.22053571428571428 0.2003577817531306 0.125 0.13416815742397137
67 0.7794642857142857 0.18336314847942756 0.16428571428571428 0.15384615384615385
33 0.14375 0.6932021466905188 0.1375 0.12164579606440072
33 0.625 0.1887298747763864 0.1375 0.11985688729874776
20 0.4142857142857143 0.6815742397137746 0.0625 0.11806797853309481
67 0.2955357142857143 0.6878354203935599 0.16071428571428573 0.148479427549195
67 0.7830357142857143 0.667262969588551 0.1125 0.13237924865831843
38 0.9044642857142857 0.17531305903398928 0.06607142857142857 0.12164579606440072
59 0.3142857142857143 0.19499105545617174 0.033928571428571426 0.1073345259391771
33 0.6589285714285714 0.6127012522361359 0.12678571428571428 0.11270125223613596
55 0.6607142857142857 0.6118067978533095 0.12857142857142856 0.11270125223613596
59 0.8866071428571428 0.7155635062611807 0.06785714285714285 0.1001788908765653