96 0.20267857142857143 0.6538461538461539 0.2125 0.1556350626118068
67 0.7830357142857143 0.20661896243291591 0.16964285714285715 0.148479427549195
33 0.625 0.2146690518783542 0.14285714285714285 0.11627906976744186
67 0.7776785714285714 0.669051878354204 0.16607142857142856 0.1556350626118068
17 0.36607142857142855 0.6413237924865832 0.055357142857142855 0.11270125223613596
33 0.6223214285714286 0.6699463327370304 0.14285714285714285 0.11985688729874776
67 0.2839285714285714 0.1735241502683363 0.14107142857142857 0.13774597495527727
33 0.15267857142857144 0.1735241502683363 0.12321428571428572 0.11449016100178891
20 0.9 0.6681574239713775 0.06428571428571428 0.11449016100178891
38 0.9098214285714286 0.1967799642218247 0.060714285714285714 0.10912343470483005
38 0.38571428571428573 0.16994633273703041 0.05892857142857143 0.10554561717352415