24 0.1982142857142857 0.1511627906976744 0.21785714285714286 0.13774597495527727
67 0.7866071428571428 0.6896243291592129 0.18392857142857144 0.1735241502683363
67 0.7892857142857143 0.2075134168157424 0.18928571428571428 0.18246869409660108
67 0.2839285714285714 0.6967799642218246 0.15714285714285714 0.13953488372093023
33 0.6160714285714286 0.669051878354204 0.15714285714285714 0.13774597495527727
33 0.6196428571428572 0.16368515205724507 0.15357142857142858 0.1520572450805009
33 0.13839285714285715 0.6887298747763864 0.13392857142857142 0.11449016100178891
38 0.925 0.6896243291592129 0.06428571428571428 0.13953488372093023
38 0.40267857142857144 0.7048300536672629 0.05892857142857143 0.10554561717352415
101 0.35892857142857143 0.13595706618962433 0.075 0.1073345259391771
38 0.9285714285714286 0.24150268336314848 0.075 0.13416815742397137