63 0.7080357142857143 0.6511627906976745 0.22857142857142856 0.18604651162790697
67 0.29196428571428573 0.19141323792486584 0.16964285714285715 0.15026833631484796
33 0.13482142857142856 0.20214669051878353 0.14285714285714285 0.12343470483005367
67 0.7767857142857143 0.18425760286225404 0.1392857142857143 0.1073345259391771
67 0.28660714285714284 0.6878354203935599 0.1392857142857143 0.13059033989266547
33 0.6455357142857143 0.1887298747763864 0.125 0.09123434704830054
33 0.15982142857142856 0.6636851520572451 0.11428571428571428 0.10554561717352415
25 0.8776785714285714 0.6610017889087657 0.05357142857142857 0.13416815742397137
38 0.8776785714285714 0.17889087656529518 0.055357142857142855 0.08407871198568873
38 0.3919642857142857 0.7057245080500895 0.055357142857142855 0.08944543828264759
41 0.41964285714285715 0.18425760286225404 0.06607142857142857 0.11449016100178891