55 0.18392857142857144 0.25402504472271914 0.1392857142857143 0.13953488372093023
67 0.31875 0.24239713774597496 0.125 0.15026833631484796
47 0.2669642857142857 0.7030411449016101 0.30357142857142855 0.13953488372093023
35 0.10446428571428572 0.8336314847942755 0.07142857142857142 0.10554561717352415
98 0.4330357142857143 0.22540250447227192 0.04642857142857143 0.16457960644007155
23 0.5964285714285714 0.20483005366726298 0.11607142857142858 0.18425760286225404
67 0.7392857142857143 0.1547406082289803 0.17857142857142858 0.1771019677996422
67 0.75 0.7093023255813954 0.1375 0.1252236135957066
33 0.6232142857142857 0.7155635062611807 0.11607142857142858 0.11985688729874776
38 0.8517857142857143 0.6958855098389982 0.07321428571428572 0.11091234347048301
31 0.8633928571428572 0.11270125223613596 0.07857142857142857 0.13953488372093023