76 0.7008928571428571 0.686046511627907 0.15535714285714286 0.1252236135957066
55 0.16607142857142856 0.7325581395348837 0.13392857142857142 0.148479427549195
67 0.7839285714285714 0.21735241502683364 0.14464285714285716 0.1413237924865832
67 0.29017857142857145 0.22898032200357782 0.15714285714285714 0.148479427549195
67 0.3 0.686046511627907 0.1357142857142857 0.13774597495527727
33 0.6482142857142857 0.20661896243291591 0.125 0.12343470483005367
33 0.1455357142857143 0.2110912343470483 0.12857142857142856 0.12164579606440072
38 0.8919642857142858 0.2182468694096601 0.060714285714285714 0.11091234347048301
38 0.40625 0.23613595706618962 0.060714285714285714 0.11627906976744186
59 0.84375 0.6896243291592129 0.05 0.08944543828264759
45 0.3982142857142857 0.6654740608228981 0.06428571428571428 0.12164579606440072