33 0.6232142857142857 0.19946332737030412 0.14464285714285716 0.12701252236135957
67 0.8008928571428572 0.6806797853309481 0.1767857142857143 0.148479427549195
67 0.7830357142857143 0.2003577817531306 0.1732142857142857 0.1556350626118068
67 0.29017857142857145 0.6851520572450805 0.125 0.16815742397137745
33 0.19107142857142856 0.1547406082289803 0.10892857142857143 0.10554561717352415
33 0.6294642857142857 0.6994633273703041 0.15714285714285714 0.1252236135957066
67 0.3098214285714286 0.14579606440071557 0.1392857142857143 0.11985688729874776
43 0.4160714285714286 0.1413237924865832 0.060714285714285714 0.11806797853309481
33 0.17232142857142857 0.6815742397137746 0.11071428571428571 0.1413237924865832
41 0.3821428571428571 0.6833631484794276 0.05178571428571429 0.12701252236135957
38 0.9116071428571428 0.2003577817531306 0.06607142857142857 0.11985688729874776
17 0.9339285714285714 0.6627906976744186 0.06607142857142857 0.11449016100178891