96 0.7053571428571429 0.6735241502683363 0.24285714285714285 0.11806797853309481
33 0.1375 0.6663685152057245 0.13214285714285715 0.10554561717352415
67 0.28125 0.6654740608228981 0.15357142857142858 0.12343470483005367
67 0.2883928571428571 0.20661896243291591 0.18392857142857144 0.17889087656529518
20 0.39464285714285713 0.6645796064400715 0.055357142857142855 0.09838998211091235
33 0.6419642857142858 0.22271914132379247 0.12678571428571428 0.1037567084078712
33 0.125 0.1475849731663685 0.14107142857142857 0.148479427549195
67 0.7803571428571429 0.2298747763864043 0.15357142857142858 0.12164579606440072
38 0.4294642857142857 0.24597495527728086 0.07321428571428572 0.12343470483005367
43 0.8794642857142857 0.6627906976744186 0.055357142857142855 0.08765652951699464
38 0.8910714285714286 0.23613595706618962 0.05892857142857143 0.09123434704830054