15 0.7035714285714286 0.6502683363148479 0.1732142857142857 0.148479427549195
67 0.29910714285714285 0.7021466905187835 0.175 0.1735241502683363
55 0.15535714285714286 0.2110912343470483 0.1375 0.1520572450805009
55 0.6473214285714286 0.26475849731663686 0.15178571428571427 0.15384615384615385
33 0.1357142857142857 0.7164579606440071 0.14464285714285716 0.13774597495527727
67 0.2892857142857143 0.22093023255813954 0.13392857142857142 0.16815742397137745
67 0.7892857142857143 0.18246869409660108 0.1375 0.13774597495527727
38 0.42678571428571427 0.6940966010733453 0.06964285714285715 0.13595706618962433
10 0.8383928571428572 0.6475849731663685 0.05714285714285714 0.12701252236135957
45 0.8848214285714285 0.1404293381037567 0.06607142857142857 0.1037567084078712
11 0.38839285714285715 0.2298747763864043 0.05892857142857143 0.14311270125223613