55 0.625 0.20483005366726298 0.14107142857142857 0.13953488372093023
23 0.6276785714285714 0.7262969588550984 0.10535714285714286 0.13595706618962433
67 0.7714285714285715 0.22361359570661896 0.15178571428571427 0.15742397137745975
53 0.4348214285714286 0.7289803220035778 0.05178571428571429 0.07871198568872988
33 0.15357142857142858 0.22808586762075134 0.12678571428571428 0.10196779964221825
67 0.29196428571428573 0.22719141323792486 0.14642857142857144 0.11270125223613596
67 0.3366071428571429 0.7397137745974955 0.13214285714285715 0.10196779964221825
20 0.4035714285714286 0.2262969588550984 0.05357142857142857 0.08944543828264759
67 0.7491071428571429 0.6878354203935599 0.14107142857142857 0.13416815742397137
33 0.21160714285714285 0.7477638640429338 0.11785714285714285 0.08586762075134168
38 0.8482142857142857 0.6610017889087657 0.05714285714285714 0.10912343470483005
11 0.88125 0.23255813953488372 0.055357142857142855 0.11449016100178891