55 0.6616071428571428 0.21645796064400716 0.17142857142857143 0.15384615384615385
67 0.29732142857142857 0.6949910554561717 0.16785714285714284 0.16279069767441862
67 0.8223214285714285 0.20125223613595708 0.15357142857142858 0.16815742397137745
67 0.7553571428571428 0.7191413237924866 0.15892857142857142 0.13774597495527727
33 0.1419642857142857 0.7048300536672629 0.14107142857142857 0.13059033989266547
67 0.2875 0.20483005366726298 0.1767857142857143 0.16100178890876565
33 0.12410714285714286 0.18694096601073346 0.14642857142857144 0.13774597495527727
38 0.42410714285714285 0.6851520572450805 0.06785714285714285 0.13237924865831843
23 0.6214285714285714 0.7155635062611807 0.10357142857142858 0.13059033989266547
20 0.8732142857142857 0.7200357781753131 0.0625 0.10196779964221825
38 0.41785714285714287 0.2101967799642218 0.07142857142857142 0.12343470483005367
99 0.6196428571428572 0.3613595706618962 0.0625 0.12701252236135957