67 0.7758928571428572 0.7021466905187835 0.16785714285714284 0.1449016100178891
67 0.29196428571428573 0.2003577817531306 0.16964285714285715 0.14669051878354203
33 0.6214285714285714 0.6914132379248659 0.14107142857142857 0.12343470483005367
67 0.26964285714285713 0.6753130590339893 0.15892857142857142 0.16994633273703041
33 0.13392857142857142 0.20483005366726298 0.14285714285714285 0.11985688729874776
33 0.12678571428571428 0.6135957066189625 0.12321428571428572 0.13059033989266547
20 0.38660714285714287 0.723613595706619 0.05714285714285714 0.11091234347048301
67 0.7526785714285714 0.19409660107334525 0.10357142857142858 0.08050089445438283
20 0.8982142857142857 0.7012522361359571 0.060714285714285714 0.11449016100178891
38 0.41785714285714287 0.19588550983899822 0.06428571428571428 0.11091234347048301
97 0.6375 0.1967799642218247 0.11964285714285715 0.07692307692307693
59 0.8482142857142857 0.18962432915921287 0.048214285714285716 0.06440071556350627