67 0.29285714285714287 0.6896243291592129 0.17142857142857143 0.1735241502683363
33 0.13392857142857142 0.6851520572450805 0.14285714285714285 0.1449016100178891
67 0.7866071428571428 0.6511627906976745 0.16071428571428573 0.1735241502683363
33 0.13660714285714284 0.20840787119856888 0.14821428571428572 0.14311270125223613
67 0.3 0.21377459749552774 0.175 0.16457960644007155
38 0.41964285714285715 0.6896243291592129 0.06607142857142857 0.1413237924865832
33 0.6375 0.6771019677996423 0.14464285714285716 0.14311270125223613
41 0.89375 0.6323792486583184 0.07142857142857142 0.13774597495527727
43 0.6169642857142857 0.3944543828264758 0.06607142857142857 0.12164579606440072
38 0.4294642857142857 0.2101967799642218 0.07321428571428572 0.13774597495527727
63 0.7232142857142857 0.20214669051878353 0.36607142857142855 0.24865831842576028