67 0.7589285714285714 0.6735241502683363 0.16428571428571428 0.15026833631484796
33 0.60625 0.6708407871198568 0.14285714285714285 0.12880143112701253
67 0.2982142857142857 0.2101967799642218 0.15892857142857142 0.1806797853309481
67 0.2830357142857143 0.6717352415026834 0.16428571428571428 0.17889087656529518
67 0.79375 0.18694096601073346 0.12321428571428572 0.11270125223613596
33 0.15178571428571427 0.18962432915921287 0.13035714285714287 0.15026833631484796
33 0.6767857142857143 0.18336314847942756 0.10714285714285714 0.10554561717352415
43 0.8875 0.20304114490161002 0.05178571428571429 0.09660107334525939
38 0.8794642857142857 0.6726296958855098 0.06964285714285715 0.11806797853309481
23 0.1392857142857143 0.6082289803220036 0.12142857142857143 0.15026833631484796
71 0.39732142857142855 0.7271914132379249 0.07321428571428572 0.11627906976744186
38 0.4160714285714286 0.2146690518783542 0.07142857142857142 0.13059033989266547