50 0.22142857142857142 0.19588550983899822 0.23214285714285715 0.11627906976744186
55 0.6419642857142858 0.6618962432915921 0.15535714285714286 0.13059033989266547
67 0.7875 0.646690518783542 0.13214285714285715 0.13595706618962433
67 0.7696428571428572 0.23524150268336314 0.14642857142857144 0.11627906976744186
67 0.2785714285714286 0.6994633273703041 0.09821428571428571 0.08765652951699464
11 0.8875 0.6395348837209303 0.05892857142857143 0.10912343470483005
33 0.1875 0.7093023255813954 0.08392857142857142 0.07334525939177101
43 0.3848214285714286 0.20125223613595708 0.05178571428571429 0.08944543828264759
38 0.3508928571428571 0.6914132379248659 0.03571428571428571 0.06440071556350627
23 0.6482142857142857 0.18246869409660108 0.09285714285714286 0.10554561717352415
101 0.8839285714285714 0.2747227191413238 0.05357142857142857 0.06899821109123434