67 0.3 0.19856887298747763 0.1732142857142857 0.17173524150268335
33 0.13660714285714284 0.18962432915921287 0.14821428571428572 0.13416815742397137
67 0.29017857142857145 0.7012522361359571 0.175 0.1449016100178891
33 0.13035714285714287 0.6932021466905188 0.1392857142857143 0.12164579606440072
67 0.7991071428571429 0.6663685152057245 0.19464285714285715 0.1771019677996422
33 0.6232142857142857 0.6958855098389982 0.16964285714285715 0.15384615384615385
67 0.7901785714285714 0.17173524150268335 0.11785714285714285 0.12880143112701253
38 0.41964285714285715 0.6976744186046512 0.060714285714285714 0.11449016100178891
33 0.6866071428571429 0.22093023255813954 0.10178571428571428 0.11985688729874776
38 0.8669642857142857 0.14579606440071557 0.05178571428571429 0.1073345259391771
38 0.4276785714285714 0.19856887298747763 0.06607142857142857 0.13237924865831843
38 0.9357142857142857 0.6493738819320215 0.08214285714285714 0.14669051878354203