13 0.20535714285714285 0.18425760286225404 0.19642857142857142 0.148479427549195
67 0.7714285714285715 0.2182468694096601 0.15892857142857142 0.148479427549195
33 0.6089285714285714 0.6547406082289803 0.14464285714285716 0.14311270125223613
67 0.7803571428571429 0.7021466905187835 0.19285714285714287 0.16994633273703041
67 0.29910714285714285 0.6851520572450805 0.17142857142857143 0.15742397137745975
33 0.14107142857142857 0.6806797853309481 0.14285714285714285 0.13059033989266547
41 0.9321428571428572 0.7271914132379249 0.07857142857142857 0.12164579606440072
38 0.8928571428571429 0.2101967799642218 0.06428571428571428 0.11985688729874776
38 0.42589285714285713 0.6788908765652951 0.06607142857142857 0.12164579606440072
23 0.6357142857142857 0.21914132379248658 0.10714285714285714 0.148479427549195
43 0.3625 0.2075134168157424 0.05892857142857143 0.1037567084078712
24 0.6339285714285714 0.21735241502683364 0.1125 0.14669051878354203