85 0.15625 0.6529516994633273 0.15 0.1592128801431127
67 0.3142857142857143 0.6574239713774598 0.15357142857142858 0.1735241502683363
67 0.7964285714285714 0.7164579606440071 0.15535714285714286 0.1037567084078712
67 0.7803571428571429 0.2039355992844365 0.15892857142857142 0.1449016100178891
67 0.29642857142857143 0.20572450805008943 0.15714285714285714 0.12880143112701253
41 0.4125 0.2039355992844365 0.05892857142857143 0.09838998211091235
33 0.6321428571428571 0.19856887298747763 0.13392857142857142 0.12343470483005367
33 0.15 0.20304114490161002 0.13392857142857142 0.1073345259391771
99 0.42678571428571427 0.6475849731663685 0.06785714285714285 0.15026833631484796
33 0.6455357142857143 0.7119856887298748 0.13214285714285715 0.08944543828264759
38 0.9169642857142857 0.7137745974955277 0.05 0.07692307692307693
20 0.8964285714285715 0.2101967799642218 0.05714285714285714 0.12164579606440072