67 0.7678571428571429 0.2039355992844365 0.16607142857142856 0.17173524150268335
47 0.20089285714285715 0.1771019677996422 0.20892857142857144 0.10554561717352415
67 0.7848214285714286 0.6985688729874776 0.15892857142857142 0.14669051878354203
33 0.61875 0.19409660107334525 0.13214285714285715 0.13237924865831843
67 0.2883928571428571 0.7039355992844365 0.14285714285714285 0.13059033989266547
33 0.6294642857142857 0.7003577817531306 0.14285714285714285 0.12701252236135957
33 0.15357142857142858 0.7191413237924866 0.12857142857142856 0.1073345259391771
38 0.9044642857142857 0.7066189624329159 0.060714285714285714 0.11806797853309481
41 0.8901785714285714 0.20572450805008943 0.06428571428571428 0.1252236135957066
38 0.3919642857142857 0.6923076923076923 0.05714285714285714 0.1001788908765653
43 0.3651785714285714 0.18336314847942756 0.06785714285714285 0.09838998211091235