15 0.2080357142857143 0.19856887298747763 0.21607142857142858 0.16279069767441862
35 0.39107142857142857 0.19856887298747763 0.06607142857142857 0.13237924865831843
67 0.2794642857142857 0.7128801431127012 0.15 0.14311270125223613
67 0.73125 0.1815742397137746 0.14642857142857144 0.11985688729874776
31 0.8741071428571429 0.18246869409660108 0.06785714285714285 0.10196779964221825
23 0.6089285714285714 0.17889087656529518 0.1 0.11806797853309481
33 0.1392857142857143 0.6932021466905188 0.12857142857142856 0.11627906976744186
33 0.6491071428571429 0.6851520572450805 0.13035714285714287 0.11627906976744186
67 0.7892857142857143 0.7021466905187835 0.15357142857142858 0.13595706618962433
62 0.9017857142857143 0.7164579606440071 0.0625 0.1001788908765653
45 0.3955535714285714 0.7157066189624329 0.05891071428571429 0.14658318425760286