67 0.7714285714285715 0.19856887298747763 0.18571428571428572 0.17531305903398928
67 0.29642857142857143 0.19946332737030412 0.17142857142857143 0.16815742397137745
67 0.7723214285714286 0.7057245080500895 0.1767857142857143 0.16636851520572452
67 0.29375 0.6878354203935599 0.15535714285714286 0.13774597495527727
33 0.13660714285714284 0.19320214669051877 0.14642857142857144 0.13595706618962433
33 0.6071428571428571 0.16279069767441862 0.14285714285714285 0.14311270125223613
33 0.6125 0.6779964221824687 0.1375 0.13416815742397137
41 0.4125 0.6923076923076923 0.05714285714285714 0.1001788908765653
53 0.9080357142857143 0.7164579606440071 0.07142857142857142 0.12701252236135957
33 0.14821428571428572 0.6797853309481217 0.13392857142857142 0.11270125223613596
38 0.9125 0.2262969588550984 0.07321428571428572 0.12701252236135957
38 0.42410714285714285 0.19409660107334525 0.060714285714285714 0.11806797853309481