102 0.7017857142857142 0.6708407871198568 0.25535714285714284 0.16279069767441862
85 0.6428571428571429 0.2003577817531306 0.11071428571428571 0.1001788908765653
101 0.8892857142857142 0.6815742397137746 0.05892857142857143 0.12701252236135957
67 0.7776785714285714 0.19499105545617174 0.14642857142857144 0.11091234347048301
67 0.3044642857142857 0.17889087656529518 0.16071428571428573 0.1413237924865832
20 0.8892857142857142 0.1851520572450805 0.044642857142857144 0.07692307692307693
67 0.30357142857142855 0.6654740608228981 0.1732142857142857 0.15384615384615385
33 0.15357142857142858 0.18246869409660108 0.1375 0.11985688729874776
33 0.1419642857142857 0.7021466905187835 0.1625 0.13416815742397137
38 0.42410714285714285 0.1806797853309481 0.06785714285714285 0.1252236135957066
38 0.42232142857142857 0.6431127012522362 0.07142857142857142 0.12701252236135957