67 0.29642857142857143 0.686046511627907 0.1625 0.1592128801431127
53 0.42678571428571427 0.22808586762075134 0.06428571428571428 0.11985688729874776
33 0.14464285714285716 0.6851520572450805 0.1375 0.13059033989266547
67 0.29910714285714285 0.21198568872987478 0.16964285714285715 0.15742397137745975
33 0.625 0.6923076923076923 0.12857142857142856 0.11806797853309481
67 0.7642857142857142 0.7030411449016101 0.14821428571428572 0.1449016100178891
33 0.13660714285714284 0.1806797853309481 0.14821428571428572 0.13237924865831843
38 0.41785714285714287 0.6869409660107334 0.06428571428571428 0.12880143112701253
67 0.7767857142857143 0.2298747763864043 0.15714285714285714 0.16636851520572452
33 0.6383928571428571 0.22898032200357782 0.125 0.14669051878354203
31 0.8758928571428571 0.7048300536672629 0.06785714285714285 0.11270125223613596
48 0.8758928571428571 0.7039355992844365 0.06785714285714285 0.11091234347048301