47 0.20982142857142858 0.667262969588551 0.2 0.09838998211091235
67 0.7455357142857143 0.648479427549195 0.18571428571428572 0.17531305903398928
23 0.6026785714285714 0.6735241502683363 0.11071428571428571 0.1806797853309481
67 0.7803571428571429 0.21645796064400716 0.1625 0.12701252236135957
81 0.8866071428571428 0.6359570661896243 0.09821428571428571 0.13953488372093023
53 0.8991071428571429 0.2146690518783542 0.0625 0.09838998211091235
67 0.2955357142857143 0.22808586762075134 0.14642857142857144 0.13774597495527727
33 0.6303571428571428 0.2146690518783542 0.1392857142857143 0.10912343470483005
33 0.16071428571428573 0.22719141323792486 0.12678571428571428 0.11806797853309481
43 0.36428571428571427 0.648479427549195 0.075 0.09302325581395349
101 0.39553571428571427 0.22271914132379247 0.055357142857142855 0.10912343470483005