47 0.7464285714285714 0.6708407871198568 0.3107142857142857 0.16457960644007155
67 0.7696428571428572 0.2110912343470483 0.1732142857142857 0.16279069767441862
67 0.2982142857142857 0.684257602862254 0.16964285714285715 0.16279069767441862
67 0.2892857142857143 0.18694096601073346 0.15178571428571427 0.15742397137745975
33 0.1392857142857143 0.6771019677996423 0.14285714285714285 0.13059033989266547
33 0.6098214285714286 0.19499105545617174 0.14107142857142857 0.12880143112701253
11 0.4080357142857143 0.22093023255813954 0.05892857142857143 0.11627906976744186
38 0.9 0.22182468694096602 0.06428571428571428 0.12880143112701253
99 0.5919642857142857 0.8148479427549195 0.06964285714285715 0.18962432915921287
55 0.125 0.14221824686940965 0.16607142857142856 0.15742397137745975
38 0.42410714285714285 0.6887298747763864 0.06785714285714285 0.13237924865831843
33 0.12410714285714286 0.1404293381037567 0.16964285714285715 0.16279069767441862