42 0.2 0.6547406082289803 0.2017857142857143 0.1520572450805009
55 0.64375 0.19856887298747763 0.1375 0.13237924865831843
67 0.7553571428571428 0.6645796064400715 0.15535714285714286 0.1037567084078712
33 0.11607142857142858 0.2844364937388193 0.11071428571428571 0.19141323792486584
67 0.7866071428571428 0.2334525939177102 0.14285714285714285 0.148479427549195
33 0.6098214285714286 0.6663685152057245 0.13392857142857142 0.09302325581395349
43 0.8776785714285714 0.6645796064400715 0.05714285714285714 0.08407871198568873
45 0.34910714285714284 0.644901610017889 0.05 0.10554561717352415
67 0.23939285714285716 0.27937388193202145 0.13948214285714286 0.22182468694096602
45 0.34910714285714284 0.6440071556350626 0.05178571428571429 0.10554561717352415
45 0.8919642857142858 0.2513416815742397 0.06428571428571428 0.11091234347048301
10 0.45267857142857143 0.28391771019677997 0.07160714285714286 0.15758497316636852