55 0.15714285714285714 0.6940966010733453 0.09642857142857143 0.16994633273703041
79 0.25625 0.20930232558139536 0.2767857142857143 0.12880143112701253
20 0.9107142857142857 0.1851520572450805 0.05357142857142857 0.1037567084078712
33 0.6330357142857143 0.7128801431127012 0.12857142857142856 0.12343470483005367
67 0.7883928571428571 0.1887298747763864 0.1625 0.13595706618962433
33 0.6375 0.18604651162790697 0.1392857142857143 0.11449016100178891
67 0.7741071428571429 0.7048300536672629 0.15178571428571427 0.14669051878354203
67 0.24910714285714286 0.6726296958855098 0.09285714285714286 0.1520572450805009
59 0.15357142857142858 0.3434704830053667 0.07321428571428572 0.09660107334525939
98 0.3339285714285714 0.6565295169946332 0.04285714285714286 0.1771019677996422
38 0.8803571428571428 0.6976744186046512 0.055357142857142855 0.11270125223613596