33 0.14375 0.6735241502683363 0.14285714285714285 0.11627906976744186
67 0.7571428571428571 0.7039355992844365 0.1625 0.13237924865831843
67 0.29910714285714285 0.6636851520572451 0.17142857142857143 0.13059033989266547
33 0.16607142857142856 0.17531305903398928 0.10714285714285714 0.1037567084078712
67 0.28660714285714284 0.21288014311270126 0.13214285714285715 0.12701252236135957
67 0.7625 0.23166368515205724 0.12678571428571428 0.10912343470483005
17 0.8580357142857142 0.24686940966010734 0.05714285714285714 0.08050089445438283
23 0.6223214285714286 0.7021466905187835 0.10535714285714286 0.13237924865831843
99 0.4142857142857143 0.6502683363148479 0.06785714285714285 0.12343470483005367
33 0.6473214285714286 0.20840787119856888 0.1 0.08586762075134168
38 0.8785714285714286 0.7030411449016101 0.060714285714285714 0.1001788908765653
38 0.38660714285714287 0.24150268336314848 0.05357142857142857 0.08765652951699464