33 0.625 0.19856887298747763 0.14464285714285716 0.13774597495527727
67 0.3080357142857143 0.1967799642218247 0.18214285714285713 0.16815742397137745
67 0.7839285714285714 0.20125223613595708 0.17142857142857143 0.16815742397137745
55 0.23035714285714284 0.7110912343470484 0.16071428571428573 0.15026833631484796
33 0.12857142857142856 0.19051878354203935 0.18035714285714285 0.1413237924865832
67 0.7678571428571429 0.7101967799642218 0.18392857142857144 0.1735241502683363
33 0.5973214285714286 0.6511627906976745 0.15178571428571427 0.1449016100178891
38 0.9125 0.19499105545617174 0.07142857142857142 0.13416815742397137
31 0.4401785714285714 0.20840787119856888 0.09464285714285714 0.1413237924865832
38 0.9071428571428571 0.7540250447227191 0.06607142857142857 0.11806797853309481
45 0.3508928571428571 0.7021466905187835 0.07321428571428572 0.11091234347048301