67 0.7767857142857143 0.684257602862254 0.15178571428571427 0.14311270125223613
67 0.3339285714285714 0.6896243291592129 0.18571428571428572 0.17889087656529518
67 0.3053571428571429 0.19409660107334525 0.1732142857142857 0.1592128801431127
33 0.14017857142857143 0.18783542039355994 0.15 0.12343470483005367
33 0.16517857142857142 0.6538461538461539 0.15357142857142858 0.14669051878354203
67 0.775 0.1440071556350626 0.16607142857142856 0.1556350626118068
33 0.6223214285714286 0.16279069767441862 0.14464285714285716 0.13595706618962433
33 0.63125 0.6967799642218246 0.1392857142857143 0.12343470483005367
38 0.43660714285714286 0.19230769230769232 0.06607142857142857 0.12164579606440072
99 0.10982142857142857 0.7701252236135957 0.055357142857142855 0.14311270125223613
45 0.8866071428571428 0.6744186046511628 0.0625 0.11270125223613596
20 0.8901785714285714 0.13953488372093023 0.06607142857142857 0.13237924865831843