91 0.2044642857142857 0.6735241502683363 0.2732142857142857 0.1449016100178891
67 0.7857142857142857 0.7030411449016101 0.16964285714285715 0.15742397137745975
67 0.7839285714285714 0.20572450805008943 0.17857142857142858 0.15742397137745975
67 0.2910714285714286 0.21377459749552774 0.16785714285714284 0.16457960644007155
33 0.6178571428571429 0.20840787119856888 0.14821428571428572 0.12701252236135957
33 0.12946428571428573 0.19051878354203935 0.14464285714285716 0.15026833631484796
38 0.91875 0.20125223613595708 0.06785714285714285 0.11985688729874776
38 0.42410714285714285 0.24508050089445438 0.08214285714285714 0.13595706618962433
43 0.40535714285714286 0.6896243291592129 0.055357142857142855 0.09660107334525939
33 0.6303571428571428 0.7075134168157424 0.14464285714285716 0.13953488372093023
38 0.9089285714285714 0.6985688729874776 0.0625 0.12701252236135957
91 0.20917857142857144 0.6797853309481217 0.3010178571428571 0.14311270125223613