65 0.7151785714285714 0.14221824686940965 0.15714285714285714 0.15026833631484796
35 0.8321428571428572 0.1511627906976744 0.03571428571428571 0.10554561717352415
67 0.7571428571428571 0.6967799642218246 0.1375 0.13774597495527727
67 0.2955357142857143 0.6699463327370304 0.17857142857142858 0.16636851520572452
33 0.12946428571428573 0.6645796064400715 0.14642857142857144 0.12880143112701253
67 0.28482142857142856 0.20214669051878353 0.1732142857142857 0.16815742397137745
33 0.125 0.19320214669051877 0.14285714285714285 0.1413237924865832
33 0.6294642857142857 0.6878354203935599 0.11607142857142858 0.11270125223613596
38 0.4142857142857143 0.20483005366726298 0.06785714285714285 0.12701252236135957
38 0.8580357142857142 0.6958855098389982 0.05178571428571429 0.10554561717352415
38 0.43214285714285716 0.6681574239713775 0.06785714285714285 0.12880143112701253