50 0.6839285714285714 0.6726296958855098 0.28035714285714286 0.13059033989266547
55 0.1732142857142857 0.7370304114490162 0.14107142857142857 0.12880143112701253
67 0.7758928571428572 0.19946332737030412 0.1732142857142857 0.16994633273703041
67 0.30714285714285716 0.17531305903398928 0.17857142857142858 0.15026833631484796
33 0.6133928571428572 0.18962432915921287 0.14821428571428572 0.13237924865831843
99 0.8660714285714286 0.6565295169946332 0.06785714285714285 0.11270125223613596
33 0.14285714285714285 0.21288014311270126 0.15178571428571427 0.1252236135957066
67 0.30357142857142855 0.7012522361359571 0.11428571428571428 0.1252236135957066
38 0.9089285714285714 0.20304114490161002 0.06785714285714285 0.13059033989266547
38 0.4348214285714286 0.1520572450805009 0.06607142857142857 0.11449016100178891
20 0.38660714285714287 0.6869409660107334 0.048214285714285716 0.10554561717352415