55 0.14910714285714285 0.6932021466905188 0.15 0.13416815742397137
67 0.3 0.684257602862254 0.15535714285714286 0.1449016100178891
33 0.6401785714285714 0.22271914132379247 0.13392857142857142 0.13774597495527727
67 0.7794642857142857 0.2146690518783542 0.15178571428571427 0.15384615384615385
67 0.2875 0.2370304114490161 0.18928571428571428 0.1413237924865832
52 0.4348214285714286 0.25313059033989266 0.07857142857142857 0.1073345259391771
33 0.6473214285714286 0.7128801431127012 0.11607142857142858 0.11449016100178891
67 0.76875 0.7110912343470484 0.13035714285714287 0.13416815742397137
33 0.1125 0.2182468694096601 0.15357142857142858 0.11449016100178891
20 0.41696428571428573 0.6788908765652951 0.05892857142857143 0.10554561717352415
38 0.86875 0.7048300536672629 0.060714285714285714 0.11091234347048301