55 0.14017857142857143 0.6878354203935599 0.15 0.1449016100178891
67 0.29642857142857143 0.6896243291592129 0.1625 0.17173524150268335
33 0.625 0.6949910554561717 0.14464285714285716 0.12880143112701253
67 0.29375 0.2146690518783542 0.16785714285714284 0.16815742397137745
67 0.8071428571428572 0.19051878354203935 0.175 0.15742397137745975
67 0.7776785714285714 0.7084078711985689 0.15714285714285714 0.13595706618962433
33 0.14107142857142857 0.22361359570661896 0.14107142857142857 0.148479427549195
41 0.41964285714285715 0.20214669051878353 0.075 0.1413237924865832
33 0.64375 0.2182468694096601 0.15535714285714286 0.14311270125223613
99 0.4160714285714286 0.6797853309481217 0.060714285714285714 0.14669051878354203
38 0.9321428571428572 0.16905187835420393 0.06607142857142857 0.12164579606440072
17 0.9 0.7155635062611807 0.07142857142857142 0.10912343470483005