67 0.3 0.1967799642218247 0.18214285714285713 0.1556350626118068
33 0.6464285714285715 0.6753130590339893 0.16607142857142856 0.13416815742397137
55 0.19375 0.6896243291592129 0.14821428571428572 0.1449016100178891
67 0.3392857142857143 0.6502683363148479 0.14464285714285716 0.1449016100178891
67 0.7964285714285714 0.6833631484794276 0.13214285714285715 0.13953488372093023
33 0.12767857142857142 0.21735241502683364 0.15892857142857142 0.12701252236135957
54 0.6910714285714286 0.15831842576028624 0.26785714285714285 0.14311270125223613
43 0.1625 0.8336314847942755 0.08392857142857142 0.12880143112701253
38 0.4357142857142857 0.1815742397137746 0.06785714285714285 0.11985688729874776
43 0.8776785714285714 0.1744186046511628 0.048214285714285716 0.08765652951699464
71 0.8963035714285714 0.6817173524150268 0.05741071428571428 0.13821109123434705