55 0.14910714285714285 0.16189624329159213 0.19642857142857142 0.16636851520572452
67 0.32857142857142857 0.17262969588550983 0.16428571428571428 0.16994633273703041
67 0.29285714285714287 0.7012522361359571 0.16071428571428573 0.16994633273703041
55 0.6142857142857143 0.21556350626118068 0.15892857142857142 0.10554561717352415
67 0.7732142857142857 0.1851520572450805 0.16428571428571428 0.1073345259391771
59 0.9044642857142857 0.16457960644007155 0.06607142857142857 0.07155635062611806
67 0.7839285714285714 0.6771019677996423 0.17142857142857143 0.18962432915921287
38 0.9098214285714286 0.6699463327370304 0.07142857142857142 0.14669051878354203
38 0.4107142857142857 0.6994633273703041 0.06607142857142857 0.13059033989266547
33 0.14285714285714285 0.6940966010733453 0.13392857142857142 0.13953488372093023
33 0.6267857142857143 0.6923076923076923 0.14464285714285716 0.15742397137745975