78 0.6794642857142857 0.6538461538461539 0.28214285714285714 0.15026833631484796
20 0.36875 0.2334525939177102 0.05 0.08586762075134168
33 0.11428571428571428 0.1511627906976744 0.12321428571428572 0.10912343470483005
67 0.25357142857142856 0.19946332737030412 0.15178571428571427 0.13237924865831843
67 0.2910714285714286 0.684257602862254 0.15 0.12880143112701253
31 0.8455357142857143 0.22271914132379247 0.05357142857142857 0.09123434704830054
33 0.15178571428571427 0.6923076923076923 0.13035714285714287 0.11270125223613596
67 0.7482142857142857 0.20214669051878353 0.13035714285714287 0.12343470483005367
41 0.4 0.6779964221824687 0.05714285714285714 0.10196779964221825
33 0.63125 0.1708407871198569 0.10535714285714286 0.1001788908765653
43 0.86875 0.6305903398926654 0.06428571428571428 0.10196779964221825