44 0.21339285714285713 0.1887298747763864 0.2 0.12701252236135957
67 0.7580357142857143 0.6332737030411449 0.16785714285714284 0.1735241502683363
67 0.28660714285714284 0.6636851520572451 0.1392857142857143 0.1520572450805009
33 0.6589285714285714 0.1440071556350626 0.09464285714285714 0.05366726296958855
23 0.61875 0.6502683363148479 0.11071428571428571 0.17173524150268335
33 0.16428571428571428 0.6529516994633273 0.1125 0.12164579606440072
67 0.7651785714285714 0.1475849731663685 0.11071428571428571 0.06082289803220036
38 0.8767857142857143 0.6153846153846154 0.06785714285714285 0.13416815742397137
38 0.38660714285714287 0.6717352415026834 0.0625 0.11806797853309481
38 0.8526785714285714 0.148479427549195 0.0375 0.046511627906976744
43 0.3669642857142857 0.19230769230769232 0.05714285714285714 0.09660107334525939