84 0.21428571428571427 0.1815742397137746 0.31607142857142856 0.16100178890876565
23 0.6169642857142857 0.240608228980322 0.11607142857142858 0.12880143112701253
67 0.28125 0.7075134168157424 0.1357142857142857 0.15384615384615385
33 0.15357142857142858 0.6833631484794276 0.11785714285714285 0.13595706618962433
67 0.7830357142857143 0.6878354203935599 0.14107142857142857 0.10912343470483005
67 0.7553571428571428 0.18425760286225404 0.16607142857142856 0.12701252236135957
33 0.6526785714285714 0.686046511627907 0.12142857142857143 0.09302325581395349
38 0.875 0.1404293381037567 0.060714285714285714 0.09838998211091235
43 0.41875 0.19767441860465115 0.055357142857142855 0.08586762075134168
38 0.8866071428571428 0.6851520572450805 0.05178571428571429 0.08407871198568873
11 0.38660714285714287 0.723613595706619 0.055357142857142855 0.1252236135957066