85 0.15803571428571428 0.19946332737030412 0.11071428571428571 0.1001788908765653
32 0.8339285714285715 0.6905187835420393 0.048214285714285716 0.09123434704830054
57 0.6875 0.6905187835420393 0.18392857142857144 0.13595706618962433
67 0.3026785714285714 0.6923076923076923 0.15 0.17173524150268335
67 0.29375 0.19409660107334525 0.14464285714285716 0.11449016100178891
67 0.7678571428571429 0.21645796064400716 0.15714285714285714 0.13595706618962433
33 0.6196428571428572 0.19856887298747763 0.1375 0.11449016100178891
20 0.40625 0.18604651162790697 0.05 0.08407871198568873
41 0.8883928571428571 0.23434704830053668 0.07142857142857142 0.1073345259391771
33 0.17142857142857143 0.6932021466905188 0.11607142857142858 0.15742397137745975
23 0.1732142857142857 0.6923076923076923 0.11428571428571428 0.16279069767441862