33 0.6133928571428572 0.669051878354204 0.1392857142857143 0.13059033989266547
67 0.7785714285714286 0.21645796064400716 0.16785714285714284 0.15742397137745975
67 0.76875 0.6940966010733453 0.16785714285714284 0.15742397137745975
67 0.29642857142857143 0.1967799642218247 0.18571428571428572 0.1592128801431127
33 0.12321428571428572 0.21377459749552774 0.15892857142857142 0.12701252236135957
33 0.6232142857142857 0.2039355992844365 0.1392857142857143 0.12880143112701253
67 0.2830357142857143 0.6735241502683363 0.14821428571428572 0.13237924865831843
33 0.14732142857142858 0.6797853309481217 0.125 0.11270125223613596
38 0.9 0.7075134168157424 0.06607142857142857 0.12343470483005367
38 0.4330357142857143 0.1815742397137746 0.06785714285714285 0.12701252236135957
41 0.9044642857142857 0.2182468694096601 0.0625 0.11806797853309481
31 0.3892857142857143 0.6627906976744186 0.060714285714285714 0.1073345259391771
103 0.38839285714285715 0.6627906976744186 0.0625 0.1073345259391771