40 0.17857142857142858 0.1735241502683363 0.16607142857142856 0.148479427549195
67 0.3 0.6887298747763864 0.15535714285714286 0.1592128801431127
42 0.6991071428571428 0.7093023255813954 0.23392857142857143 0.2110912343470483
55 0.15089285714285713 0.7003577817531306 0.14821428571428572 0.14669051878354203
99 0.4107142857142857 0.6699463327370304 0.05892857142857143 0.13774597495527727
67 0.7741071428571429 0.2075134168157424 0.14642857142857144 0.12164579606440072
33 0.6357142857142857 0.2075134168157424 0.12678571428571428 0.1073345259391771
38 0.8803571428571428 0.20214669051878353 0.05714285714285714 0.09481216457960644
59 0.83125 0.6100178890876565 0.05714285714285714 0.06797853309481217
59 0.30625 0.17889087656529518 0.05178571428571429 0.10196779964221825
71 0.3053571428571429 0.17889087656529518 0.05 0.1037567084078712