67 0.7785714285714286 0.7030411449016101 0.16071428571428573 0.15026833631484796
33 0.6294642857142857 0.7048300536672629 0.1392857142857143 0.12701252236135957
67 0.8017857142857143 0.16279069767441862 0.18214285714285713 0.15742397137745975
67 0.2839285714285714 0.21198568872987478 0.14464285714285716 0.148479427549195
67 0.25625 0.6967799642218246 0.13035714285714287 0.11627906976744186
33 0.15535714285714286 0.23255813953488372 0.11428571428571428 0.13416815742397137
99 0.8964285714285715 0.686046511627907 0.0625 0.12701252236135957
33 0.6330357142857143 0.21377459749552774 0.16071428571428573 0.148479427549195
33 0.1357142857142857 0.6583184257602862 0.10892857142857143 0.09660107334525939
38 0.9303571428571429 0.13059033989266547 0.06785714285714285 0.1252236135957066
38 0.35714285714285715 0.7227191413237924 0.048214285714285716 0.07692307692307693
45 0.38819642857142855 0.2107871198568873 0.06607142857142857 0.12164579606440072