100 0.7044642857142858 0.648479427549195 0.14821428571428572 0.16994633273703041
23 0.1625 0.6833631484794276 0.09107142857142857 0.13953488372093023
67 0.2741071428571429 0.6869409660107334 0.13392857142857142 0.13774597495527727
67 0.2883928571428571 0.2146690518783542 0.14821428571428572 0.1556350626118068
31 0.3982142857142857 0.6905187835420393 0.0625 0.11985688729874776
33 0.15535714285714286 0.21556350626118068 0.11964285714285715 0.12164579606440072
67 0.7723214285714286 0.22361359570661896 0.16071428571428573 0.12164579606440072
33 0.6241071428571429 0.22271914132379247 0.13392857142857142 0.10196779964221825
20 0.8901785714285714 0.22271914132379247 0.055357142857142855 0.09302325581395349
38 0.39732142857142855 0.21198568872987478 0.05714285714285714 0.11449016100178891
53 0.8169642857142857 0.6574239713774598 0.04285714285714286 0.12880143112701253
101 0.8169642857142857 0.6565295169946332 0.04285714285714286 0.12880143112701253