91 0.19196428571428573 0.7093023255813954 0.25892857142857145 0.148479427549195
62 0.3892857142857143 0.7191413237924866 0.060714285714285714 0.11270125223613596
67 0.7794642857142857 0.7039355992844365 0.1767857142857143 0.16636851520572452
33 0.6178571428571429 0.684257602862254 0.14285714285714285 0.1413237924865832
33 0.6401785714285714 0.16994633273703041 0.13392857142857142 0.12701252236135957
67 0.7830357142857143 0.1556350626118068 0.15535714285714286 0.148479427549195
67 0.30357142857142855 0.19767441860465115 0.15535714285714286 0.14311270125223613
33 0.15982142857142856 0.23076923076923078 0.13214285714285715 0.13416815742397137
41 0.8964285714285715 0.13595706618962433 0.055357142857142855 0.11270125223613596
38 0.4125 0.17889087656529518 0.05892857142857143 0.11985688729874776
101 0.9080357142857143 0.7173524150268337 0.06607142857142857 0.12343470483005367
41 0.9080357142857143 0.7164579606440071 0.06607142857142857 0.12164579606440072