85 0.6232142857142857 0.6762075134168157 0.10892857142857143 0.1037567084078712
14 0.22321428571428573 0.6529516994633273 0.2357142857142857 0.148479427549195
67 0.7776785714285714 0.22093023255813954 0.15892857142857142 0.15026833631484796
33 0.6330357142857143 0.21735241502683364 0.12857142857142856 0.12880143112701253
67 0.29732142857142857 0.19588550983899822 0.1767857142857143 0.17173524150268335
67 0.7544642857142857 0.6869409660107334 0.14285714285714285 0.11985688729874776
31 0.39732142857142855 0.6511627906976745 0.06607142857142857 0.12164579606440072
31 0.8669642857142857 0.6878354203935599 0.05892857142857143 0.08586762075134168
33 0.13303571428571428 0.19946332737030412 0.14642857142857144 0.13059033989266547
38 0.4294642857142857 0.1887298747763864 0.06607142857142857 0.13953488372093023
38 0.8946428571428572 0.21377459749552774 0.05892857142857143 0.11091234347048301