67 0.7714285714285715 0.682468694096601 0.16607142857142856 0.16636851520572452
67 0.7794642857142857 0.21735241502683364 0.16607142857142856 0.14311270125223613
33 0.6169642857142857 0.6815742397137746 0.1392857142857143 0.13416815742397137
33 0.6258928571428571 0.22450805008944544 0.14107142857142857 0.12164579606440072
50 0.21607142857142858 0.21556350626118068 0.24285714285714285 0.13595706618962433
38 0.8955357142857143 0.6815742397137746 0.0625 0.12701252236135957
67 0.27053571428571427 0.7110912343470484 0.075 0.06082289803220036
38 0.9017857142857143 0.2075134168157424 0.0625 0.11806797853309481
33 0.20357142857142857 0.7084078711985689 0.060714285714285714 0.05366726296958855
33 0.24375 0.7101967799642218 0.13035714285714287 0.057245080500894455
67 0.2714285714285714 0.7110912343470484 0.07678571428571429 0.057245080500894455
11 0.37589285714285714 0.22450805008944544 0.05714285714285714 0.10554561717352415
99 0.3267857142857143 0.7101967799642218 0.033928571428571426 0.05008944543828265