66 0.21339285714285713 0.6797853309481217 0.22857142857142856 0.1592128801431127
67 0.29285714285714287 0.19856887298747763 0.17142857142857143 0.16279069767441862
11 0.38035714285714284 0.6699463327370304 0.05178571428571429 0.11449016100178891
67 0.7616071428571428 0.6878354203935599 0.16964285714285715 0.15026833631484796
67 0.7758928571428572 0.20214669051878353 0.14107142857142857 0.11627906976744186
33 0.13125 0.20125223613595708 0.15 0.1252236135957066
23 0.6214285714285714 0.6878354203935599 0.10714285714285714 0.14311270125223613
33 0.6464285714285715 0.20214669051878353 0.11785714285714285 0.09838998211091235
38 0.4232142857142857 0.19230769230769232 0.06428571428571428 0.12164579606440072
41 0.8803571428571428 0.19856887298747763 0.05 0.08586762075134168
98 0.8866071428571428 0.6806797853309481 0.0625 0.12880143112701253
66 0.21428571428571427 0.6849016100178891 0.23980357142857142 0.15844364937388192
11 0.394125 0.6797853309481217 0.08928571428571429 0.12778175313059034