79 0.6741071428571429 0.6592128801431127 0.28035714285714286 0.11806797853309481
67 0.26875 0.6878354203935599 0.14821428571428572 0.13774597495527727
33 0.1375 0.6538461538461539 0.11607142857142858 0.11449016100178891
33 0.6526785714285714 0.18246869409660108 0.08928571428571429 0.08765652951699464
67 0.75 0.22271914132379247 0.10535714285714286 0.10554561717352415
48 0.8982142857142857 0.6601073345259392 0.0625 0.09123434704830054
33 0.15982142857142856 0.19529516994633275 0.0645 0.07692307692307693
38 0.37589285714285714 0.7227191413237924 0.060714285714285714 0.09660107334525939
38 0.8294642857142858 0.24955277280858676 0.044642857142857144 0.07155635062611806
17 0.27053571428571427 0.22540250447227192 0.03214285714285714 0.059033989266547404
67 0.2209642857142857 0.22209302325581395 0.058875 0.07765652951699463