63 0.25089285714285714 0.19141323792486584 0.15178571428571427 0.1735241502683363
67 0.7758928571428572 0.21645796064400716 0.16428571428571428 0.15026833631484796
67 0.7794642857142857 0.6914132379248659 0.15 0.12343470483005367
67 0.27767857142857144 0.6788908765652951 0.11964285714285715 0.10196779964221825
33 0.6223214285714286 0.2101967799642218 0.1375 0.12343470483005367
33 0.6428571428571429 0.6887298747763864 0.125 0.1037567084078712
33 0.16875 0.6592128801431127 0.10178571428571428 0.09123434704830054
38 0.8982142857142857 0.21645796064400716 0.060714285714285714 0.11627906976744186
38 0.8919642857142858 0.6905187835420393 0.05714285714285714 0.09481216457960644
25 0.3625 0.19141323792486584 0.04107142857142857 0.11270125223613596
38 0.36428571428571427 0.6914132379248659 0.044642857142857144 0.07334525939177101