70 0.6946428571428571 0.6377459749552773 0.2982142857142857 0.11806797853309481
67 0.30089285714285713 0.2039355992844365 0.14642857142857144 0.11449016100178891
67 0.3026785714285714 0.6663685152057245 0.1767857142857143 0.14669051878354203
67 0.7830357142857143 0.22003577817531306 0.15714285714285714 0.15742397137745975
33 0.1357142857142857 0.7110912343470484 0.15892857142857142 0.12880143112701253
32 0.42678571428571427 0.6395348837209303 0.0625 0.10554561717352415
33 0.6392857142857142 0.17173524150268335 0.12857142857142856 0.1252236135957066
33 0.16517857142857142 0.2039355992844365 0.12321428571428572 0.10196779964221825
38 0.4089285714285714 0.19946332737030412 0.05357142857142857 0.08765652951699464
59 0.8955357142857143 0.631484794275492 0.06428571428571428 0.08586762075134168
38 0.8973214285714286 0.2620751341681574 0.05892857142857143 0.10196779964221825