63 0.24821428571428572 0.21914132379248658 0.19107142857142856 0.1592128801431127
25 0.38660714285714287 0.23613595706618962 0.048214285714285716 0.12164579606440072
67 0.7794642857142857 0.7039355992844365 0.15892857142857142 0.1556350626118068
33 0.63125 0.6985688729874776 0.1375 0.13237924865831843
67 0.7821428571428571 0.22361359570661896 0.15714285714285714 0.11449016100178891
23 0.12857142857142856 0.6762075134168157 0.12321428571428572 0.12880143112701253
67 0.2714285714285714 0.6726296958855098 0.17857142857142858 0.13774597495527727
33 0.6339285714285714 0.22003577817531306 0.13214285714285715 0.09838998211091235
38 0.8946428571428572 0.6985688729874776 0.060714285714285714 0.11985688729874776
38 0.9017857142857143 0.22093023255813954 0.05178571428571429 0.08765652951699464
10 0.39464285714285713 0.6815742397137746 0.08571428571428572 0.12343470483005367