37 0.19464285714285715 0.6896243291592129 0.25 0.19856887298747763
84 0.22410714285714287 0.18962432915921287 0.2732142857142857 0.1252236135957066
67 0.7625 0.6601073345259392 0.16964285714285715 0.13059033989266547
17 0.7973214285714286 0.27280858676207514 0.03571428571428571 0.057245080500894455
33 0.6017857142857143 0.6869409660107334 0.14821428571428572 0.11091234347048301
43 0.3848214285714286 0.6994633273703041 0.09821428571428571 0.16100178890876565
59 0.40267857142857144 0.1520572450805009 0.05892857142857143 0.06797853309481217
67 0.7419642857142857 0.24955277280858676 0.075 0.07334525939177101
41 0.8910714285714286 0.6386404293381037 0.05714285714285714 0.09481216457960644
33 0.7125 0.23434704830053668 0.1357142857142857 0.07692307692307693
33 0.6785714285714286 0.22808586762075134 0.0625 0.06440071556350627