70 0.20267857142857143 0.7012522361359571 0.21785714285714286 0.13059033989266547
33 0.14107142857142857 0.19588550983899822 0.14107142857142857 0.148479427549195
67 0.7232142857142857 0.2737030411449016 0.12678571428571428 0.22361359570661896
103 0.35267857142857145 0.7030411449016101 0.048214285714285716 0.11806797853309481
67 0.7553571428571428 0.6833631484794276 0.1357142857142857 0.08586762075134168
67 0.2982142857142857 0.19409660107334525 0.1732142857142857 0.17889087656529518
33 0.63125 0.6905187835420393 0.11607142857142858 0.08407871198568873
33 0.6035714285714285 0.27549194991055453 0.11428571428571428 0.18783542039355994
43 0.8598214285714286 0.6717352415026834 0.048214285714285716 0.07692307692307693
38 0.42410714285714285 0.18962432915921287 0.07142857142857142 0.1449016100178891
62 0.8205357142857143 0.28711985688729874 0.060714285714285714 0.18962432915921287