97 0.21517857142857144 0.644901610017889 0.1732142857142857 0.1001788908765653
85 0.6267857142857143 0.6520572450805009 0.15178571428571427 0.12880143112701253
67 0.7946428571428571 0.6341681574239714 0.16964285714285715 0.1413237924865832
67 0.28214285714285714 0.1887298747763864 0.16785714285714284 0.17173524150268335
33 0.13482142857142856 0.17262969588550983 0.13035714285714287 0.1413237924865832
11 0.9125 0.6207513416815742 0.060714285714285714 0.11627906976744186
33 0.6169642857142857 0.1744186046511628 0.1375 0.11806797853309481
67 0.7714285714285715 0.1779964221824687 0.16607142857142856 0.1413237924865832
43 0.34285714285714286 0.6529516994633273 0.048214285714285716 0.06976744186046512
38 0.8955357142857143 0.1887298747763864 0.06964285714285715 0.10912343470483005
38 0.40714285714285714 0.19588550983899822 0.06428571428571428 0.12701252236135957