55 0.6491071428571429 0.6735241502683363 0.125 0.08944543828264759
33 0.12767857142857142 0.6896243291592129 0.14821428571428572 0.13059033989266547
67 0.29375 0.7003577817531306 0.17857142857142858 0.16815742397137745
67 0.7785714285714286 0.20840787119856888 0.16428571428571428 0.15026833631484796
67 0.7714285714285715 0.6735241502683363 0.125 0.09481216457960644
33 0.6241071428571429 0.21288014311270126 0.14464285714285716 0.12701252236135957
76 0.22053571428571428 0.20304114490161002 0.21607142857142858 0.1592128801431127
38 0.42857142857142855 0.7084078711985689 0.06785714285714285 0.13237924865831843
38 0.8991071428571429 0.19946332737030412 0.0625 0.11627906976744186
59 0.8732142857142857 0.6762075134168157 0.055357142857142855 0.07155635062611806
59 0.12857142857142856 0.3756708407871199 0.07142857142857142 0.12343470483005367