18 0.6901785714285714 0.17889087656529518 0.15357142857142858 0.10554561717352415
67 0.2883928571428571 0.2101967799642218 0.16964285714285715 0.1806797853309481
33 0.6553571428571429 0.7227191413237924 0.10892857142857143 0.1037567084078712
67 0.29642857142857143 0.6511627906976745 0.175 0.1520572450805009
33 0.13214285714285715 0.6985688729874776 0.15357142857142858 0.13774597495527727
33 0.13660714285714284 0.1475849731663685 0.1392857142857143 0.15026833631484796
67 0.7758928571428572 0.725402504472272 0.12678571428571428 0.1252236135957066
59 0.8071428571428572 0.1735241502683363 0.07142857142857142 0.08944543828264759
38 0.4232142857142857 0.6153846153846154 0.06964285714285715 0.1252236135957066
53 0.4160714285714286 0.259391771019678 0.07321428571428572 0.12343470483005367
53 0.8696428571428572 0.7289803220035778 0.05 0.09302325581395349