73 0.15357142857142858 0.6556350626118068 0.1732142857142857 0.11806797853309481
67 0.7848214285714286 0.6932021466905188 0.175 0.1592128801431127
98 0.3 0.6413237924865832 0.05357142857142857 0.11270125223613596
33 0.6223214285714286 0.6878354203935599 0.14642857142857144 0.12701252236135957
67 0.29910714285714285 0.21645796064400716 0.15357142857142858 0.12880143112701253
67 0.7821428571428571 0.2262969588550984 0.14285714285714285 0.15384615384615385
55 0.6357142857142857 0.19767441860465115 0.14285714285714285 0.13774597495527727
20 0.4133928571428571 0.21288014311270126 0.055357142857142855 0.09838998211091235
33 0.15625 0.21377459749552774 0.13035714285714287 0.10912343470483005
99 0.8875 0.22450805008944544 0.060714285714285714 0.13774597495527727
38 0.9160714285714285 0.6896243291592129 0.06607142857142857 0.12343470483005367