102 0.6928571428571428 0.6994633273703041 0.2732142857142857 0.1735241502683363
100 0.7044642857142858 0.18336314847942756 0.25 0.11806797853309481
101 0.8973214285714286 0.7030411449016101 0.06428571428571428 0.13953488372093023
67 0.27232142857142855 0.644901610017889 0.14285714285714285 0.13595706618962433
67 0.2875 0.2182468694096601 0.16428571428571428 0.1735241502683363
33 0.14375 0.6511627906976745 0.11964285714285715 0.11627906976744186
55 0.13214285714285715 0.14669051878354203 0.14107142857142857 0.15384615384615385
38 0.3732142857142857 0.6413237924865832 0.05714285714285714 0.1073345259391771
43 0.88125 0.18246869409660108 0.05 0.08586762075134168
31 0.4125 0.26744186046511625 0.06607142857142857 0.11985688729874776
45 0.4125 0.26833631484794274 0.06607142857142857 0.11985688729874776