85 0.14107142857142857 0.6771019677996423 0.13035714285714287 0.13237924865831843
85 0.14285714285714285 0.19856887298747763 0.10178571428571428 0.10554561717352415
67 0.29732142857142857 0.6887298747763864 0.16785714285714284 0.1592128801431127
55 0.6348214285714285 0.6806797853309481 0.13214285714285715 0.08944543828264759
67 0.26875 0.21288014311270126 0.1357142857142857 0.12343470483005367
67 0.7678571428571429 0.6762075134168157 0.12857142857142856 0.08765652951699464
33 0.68125 0.24239713774597496 0.12142857142857143 0.11270125223613596
67 0.8017857142857143 0.18783542039355994 0.12857142857142856 0.11985688729874776
99 0.42232142857142857 0.686046511627907 0.0625 0.13059033989266547
99 0.37142857142857144 0.21645796064400716 0.04285714285714286 0.09302325581395349
38 0.8866071428571428 0.14579606440071557 0.048214285714285716 0.09660107334525939
59 0.8758928571428571 0.6771019677996423 0.05178571428571429 0.06797853309481217