67 0.28660714285714284 0.2146690518783542 0.1875 0.17531305903398928
67 0.7821428571428571 0.22719141323792486 0.15892857142857142 0.16457960644007155
67 0.7642857142857142 0.6833631484794276 0.1767857142857143 0.16994633273703041
67 0.2785714285714286 0.6815742397137746 0.1625 0.1449016100178891
33 0.12321428571428572 0.18336314847942756 0.1375 0.14311270125223613
33 0.6303571428571428 0.22719141323792486 0.1392857142857143 0.13595706618962433
23 0.14017857142857143 0.682468694096601 0.10892857142857143 0.14311270125223613
23 0.6178571428571429 0.6771019677996423 0.1125 0.15742397137745975
38 0.8928571428571429 0.6878354203935599 0.06964285714285715 0.13059033989266547
38 0.40267857142857144 0.682468694096601 0.0625 0.11627906976744186
38 0.4294642857142857 0.23166368515205724 0.07678571428571429 0.13595706618962433
41 0.9017857142857143 0.21735241502683364 0.0625 0.12343470483005367