67 0.3107142857142857 0.648479427549195 0.18214285714285713 0.16279069767441862
67 0.78125 0.7084078711985689 0.175 0.16279069767441862
67 0.7821428571428571 0.167262969588551 0.18571428571428572 0.1592128801431127
33 0.6196428571428572 0.684257602862254 0.14285714285714285 0.13416815742397137
33 0.1419642857142857 0.6887298747763864 0.15535714285714286 0.13774597495527727
33 0.6133928571428572 0.19767441860465115 0.15892857142857142 0.1413237924865832
41 0.9080357142857143 0.1413237924865832 0.06428571428571428 0.13237924865831843
38 0.4419642857142857 0.6207513416815742 0.06428571428571428 0.12343470483005367
38 0.9125 0.7262969588550984 0.0625 0.11627906976744186
43 0.40535714285714286 0.22182468694096602 0.06428571428571428 0.10912343470483005
22 0.22589285714285715 0.2298747763864043 0.26071428571428573 0.12701252236135957