78 0.7285714285714285 0.1520572450805009 0.18571428571428572 0.1413237924865832
32 0.13035714285714287 0.7933810375670841 0.07142857142857142 0.11449016100178891
33 0.13392857142857142 0.21914132379248658 0.15 0.12164579606440072
67 0.7723214285714286 0.6797853309481217 0.15892857142857142 0.15384615384615385
67 0.34285714285714286 0.6592128801431127 0.16071428571428573 0.13774597495527727
67 0.29732142857142857 0.19856887298747763 0.1732142857142857 0.15384615384615385
33 0.6196428571428572 0.6905187835420393 0.1392857142857143 0.1252236135957066
33 0.18303571428571427 0.6610017889087657 0.15535714285714286 0.13059033989266547
38 0.425 0.18425760286225404 0.06428571428571428 0.11627906976744186
38 0.89375 0.6699463327370304 0.060714285714285714 0.11985688729874776
52 0.8598214285714286 0.16547406082289803 0.048214285714285716 0.10554561717352415