19 0.7116071428571429 0.6627906976744186 0.2767857142857143 0.1806797853309481
67 0.29464285714285715 0.19588550983899822 0.16071428571428573 0.1413237924865832
33 0.14464285714285716 0.1887298747763864 0.1375 0.11985688729874776
23 0.6410714285714286 0.24150268336314848 0.10535714285714286 0.12164579606440072
67 0.2883928571428571 0.6762075134168157 0.16785714285714284 0.15026833631484796
33 0.13660714285714284 0.7227191413237924 0.14107142857142857 0.13595706618962433
67 0.7705357142857143 0.24239713774597496 0.15357142857142858 0.12701252236135957
99 0.8955357142857143 0.6556350626118068 0.05 0.15384615384615385
38 0.40625 0.6422182468694096 0.06607142857142857 0.11985688729874776
62 0.4160714285714286 0.19767441860465115 0.060714285714285714 0.10912343470483005
98 0.8839285714285714 0.23613595706618962 0.06428571428571428 0.11270125223613596