76 0.6678571428571428 0.22271914132379247 0.175 0.1037567084078712
67 0.29642857142857143 0.19499105545617174 0.16785714285714284 0.1413237924865832
23 0.15714285714285714 0.7101967799642218 0.08214285714285714 0.11985688729874776
67 0.7803571428571429 0.644901610017889 0.17857142857142858 0.15384615384615385
33 0.14017857142857143 0.20304114490161002 0.14285714285714285 0.11806797853309481
33 0.6125 0.6976744186046512 0.1625 0.13774597495527727
67 0.26071428571428573 0.7093023255813954 0.12321428571428572 0.11985688729874776
41 0.42589285714285713 0.19051878354203935 0.060714285714285714 0.10554561717352415
99 0.3517857142857143 0.7021466905187835 0.05 0.09302325581395349
38 0.9044642857142857 0.6100178890876565 0.06607142857142857 0.11449016100178891
59 0.7964285714285714 0.19499105545617174 0.05714285714285714 0.07155635062611806