57 0.21875 0.644901610017889 0.275 0.1556350626118068
33 0.61875 0.19499105545617174 0.14107142857142857 0.13237924865831843
33 0.625 0.6833631484794276 0.15 0.1413237924865832
67 0.7794642857142857 0.20125223613595708 0.1732142857142857 0.17173524150268335
67 0.7892857142857143 0.6833631484794276 0.175 0.16457960644007155
33 0.17232142857142857 0.19230769230769232 0.14821428571428572 0.15026833631484796
67 0.3205357142857143 0.2101967799642218 0.15 0.1556350626118068
38 0.9089285714285714 0.1967799642218247 0.06607142857142857 0.13059033989266547
38 0.91875 0.6788908765652951 0.06785714285714285 0.13416815742397137
43 0.4125 0.6502683363148479 0.06964285714285715 0.1073345259391771
43 0.11517857142857142 0.32647584973166366 0.07321428571428572 0.1252236135957066
11 0.11696428571428572 0.32737030411449014 0.07321428571428572 0.1252236135957066