55 0.17589285714285716 0.20483005366726298 0.19642857142857142 0.16100178890876565
67 0.7821428571428571 0.6869409660107334 0.17857142857142858 0.15384615384615385
67 0.3357142857142857 0.7066189624329159 0.18214285714285713 0.1556350626118068
33 0.15535714285714286 0.6976744186046512 0.1732142857142857 0.1413237924865832
67 0.35 0.16189624329159213 0.15535714285714286 0.16279069767441862
33 0.6142857142857143 0.6833631484794276 0.15 0.12880143112701253
67 0.7973214285714286 0.17889087656529518 0.19285714285714287 0.14669051878354203
43 0.09375 0.8237924865831843 0.06964285714285715 0.11449016100178891
33 0.6142857142857143 0.23434704830053668 0.18571428571428572 0.13774597495527727
38 0.9169642857142857 0.6887298747763864 0.06607142857142857 0.11806797853309481
38 0.9348214285714286 0.13953488372093023 0.06964285714285715 0.10912343470483005
45 0.1125 0.34615384615384615 0.08928571428571429 0.12880143112701253
99 0.1125 0.34525939177101966 0.09285714285714286 0.13059033989266547
45 0.1125 0.3470483005366726 0.08928571428571429 0.12880143112701253