67 0.26517857142857143 0.6753130590339893 0.15714285714285714 0.13237924865831843
33 0.6258928571428571 0.20840787119856888 0.14821428571428572 0.15026833631484796
23 0.6339285714285714 0.684257602862254 0.10535714285714286 0.10554561717352415
67 0.7794642857142857 0.19946332737030412 0.16071428571428573 0.16636851520572452
67 0.7598214285714285 0.6788908765652951 0.15 0.1001788908765653
33 0.13303571428571428 0.2262969588550984 0.1375 0.12164579606440072
67 0.27767857142857144 0.19946332737030412 0.15535714285714286 0.13774597495527727
33 0.13214285714285715 0.7459749552772809 0.14107142857142857 0.1252236135957066
59 0.8776785714285714 0.6744186046511628 0.06607142857142857 0.07871198568872988
38 0.3875 0.1815742397137746 0.0625 0.10912343470483005
52 0.37142857142857144 0.6225402504472272 0.07142857142857142 0.1037567084078712
38 0.8901785714285714 0.1967799642218247 0.07321428571428572 0.14311270125223613