55 0.19285714285714287 0.6681574239713775 0.1625 0.1592128801431127
67 0.3482142857142857 0.6797853309481217 0.15535714285714286 0.1771019677996422
67 0.26607142857142857 0.15742397137745975 0.14642857142857144 0.13595706618962433
67 0.7580357142857143 0.6592128801431127 0.1357142857142857 0.09123434704830054
23 0.1455357142857143 0.19856887298747763 0.10357142857142858 0.13774597495527727
67 0.7660714285714286 0.2110912343470483 0.1392857142857143 0.11985688729874776
33 0.6366071428571428 0.1851520572450805 0.11428571428571428 0.10554561717352415
33 0.6294642857142857 0.6681574239713775 0.12321428571428572 0.08765652951699464
99 0.1375 0.8067978533094812 0.06964285714285715 0.15026833631484796
38 0.3678571428571429 0.12164579606440072 0.060714285714285714 0.10912343470483005
38 0.8732142857142857 0.22898032200357782 0.055357142857142855 0.08765652951699464
59 0.8616071428571429 0.6493738819320215 0.05357142857142857 0.06797853309481217