55 0.6294642857142857 0.6422182468694096 0.1375 0.09123434704830054
67 0.79375 0.17620751341681573 0.1625 0.16457960644007155
67 0.2910714285714286 0.7173524150268337 0.15892857142857142 0.16815742397137745
67 0.7696428571428572 0.6395348837209303 0.14107142857142857 0.09660107334525939
33 0.6392857142857142 0.16994633273703041 0.14107142857142857 0.13416815742397137
33 0.14107142857142857 0.7119856887298748 0.1392857142857143 0.13595706618962433
38 0.40982142857142856 0.7262969588550984 0.06964285714285715 0.12343470483005367
59 0.8875 0.6404293381037567 0.05892857142857143 0.07513416815742398
20 0.9169642857142857 0.1851520572450805 0.060714285714285714 0.1252236135957066
48 0.3732142857142857 0.2003577817531306 0.06964285714285715 0.11449016100178891
38 0.9178571428571428 0.1887298747763864 0.060714285714285714 0.1252236135957066
91 0.22142857142857142 0.21556350626118068 0.21785714285714286 0.15026833631484796