86 0.7169642857142857 0.19588550983899822 0.14821428571428572 0.15742397137745975
67 0.7910714285714285 0.7057245080500895 0.17142857142857143 0.148479427549195
67 0.3026785714285714 0.684257602862254 0.1732142857142857 0.1556350626118068
11 0.8276785714285714 0.1967799642218247 0.039285714285714285 0.09838998211091235
33 0.14285714285714285 0.686046511627907 0.14107142857142857 0.12343470483005367
67 0.29642857142857143 0.2146690518783542 0.16785714285714284 0.1520572450805009
33 0.13660714285714284 0.2146690518783542 0.14464285714285716 0.12343470483005367
33 0.63125 0.7012522361359571 0.14642857142857144 0.12164579606440072
38 0.9205357142857142 0.6985688729874776 0.06428571428571428 0.11449016100178891
38 0.4303571428571429 0.6753130590339893 0.0625 0.11449016100178891
38 0.4232142857142857 0.2101967799642218 0.0625 0.11627906976744186