67 0.7866071428571428 0.6940966010733453 0.175 0.1592128801431127
67 0.2955357142857143 0.21735241502683364 0.16785714285714284 0.16100178890876565
67 0.30178571428571427 0.6753130590339893 0.14464285714285716 0.1449016100178891
68 0.6803571428571429 0.16457960644007155 0.2625 0.1073345259391771
33 0.16875 0.6699463327370304 0.125 0.11985688729874776
33 0.1357142857142857 0.20661896243291591 0.14285714285714285 0.13237924865831843
33 0.6223214285714286 0.6905187835420393 0.14821428571428572 0.12701252236135957
38 0.42410714285714285 0.21556350626118068 0.06607142857142857 0.11985688729874776
38 0.91875 0.6878354203935599 0.06428571428571428 0.1252236135957066
38 0.40714285714285714 0.6744186046511628 0.05892857142857143 0.10912343470483005
59 0.8491071428571428 0.13327370304114491 0.05178571428571429 0.0626118067978533