49 0.6875 0.16905187835420393 0.2625 0.13059033989266547
67 0.29375 0.19499105545617174 0.18035714285714285 0.14669051878354203
67 0.7571428571428571 0.6994633273703041 0.16607142857142856 0.16457960644007155
46 0.20625 0.6368515205724508 0.2571428571428571 0.13595706618962433
33 0.12589285714285714 0.2003577817531306 0.15535714285714286 0.1252236135957066
38 0.8758928571428571 0.6833631484794276 0.07678571428571429 0.13953488372093023
38 0.425 0.18962432915921287 0.06964285714285715 0.11806797853309481
59 0.8660714285714286 0.1547406082289803 0.060714285714285714 0.08407871198568873
59 0.37410714285714286 0.6082289803220036 0.07321428571428572 0.08944543828264759
23 0.61875 0.7119856887298748 0.11607142857142858 0.16279069767441862
24 0.6178571428571429 0.7119856887298748 0.11785714285714285 0.16100178890876565