89 0.24553571428571427 0.19499105545617174 0.17142857142857143 0.11806797853309481
67 0.7866071428571428 0.6762075134168157 0.18928571428571428 0.1735241502683363
33 0.6142857142857143 0.6529516994633273 0.14821428571428572 0.13595706618962433
67 0.7883928571428571 0.22540250447227192 0.16428571428571428 0.13595706618962433
33 0.16071428571428573 0.7093023255813954 0.12678571428571428 0.11806797853309481
33 0.6339285714285714 0.25402504472271914 0.14107142857142857 0.12164579606440072
67 0.29642857142857143 0.7101967799642218 0.14821428571428572 0.14311270125223613
38 0.9357142857142857 0.6887298747763864 0.07321428571428572 0.13237924865831843
38 0.90625 0.20483005366726298 0.060714285714285714 0.11270125223613596
59 0.3848214285714286 0.21198568872987478 0.05714285714285714 0.08407871198568873
101 0.39375 0.7075134168157424 0.05714285714285714 0.11091234347048301