33 0.6267857142857143 0.18694096601073346 0.15357142857142858 0.14311270125223613
67 0.7928571428571428 0.19856887298747763 0.1732142857142857 0.17173524150268335
33 0.1392857142857143 0.6940966010733453 0.1357142857142857 0.11627906976744186
67 0.28482142857142856 0.6905187835420393 0.15714285714285714 0.13595706618962433
67 0.2955357142857143 0.18246869409660108 0.16964285714285715 0.16457960644007155
33 0.13482142857142856 0.19320214669051877 0.15 0.13953488372093023
67 0.7857142857142857 0.7173524150268337 0.14642857142857144 0.11449016100178891
33 0.6473214285714286 0.7173524150268337 0.12678571428571428 0.10196779964221825
38 0.42410714285714285 0.1744186046511628 0.07321428571428572 0.13237924865831843
38 0.9232142857142858 0.19856887298747763 0.0625 0.13059033989266547
38 0.89375 0.7119856887298748 0.05357142857142857 0.08944543828264759
11 0.4017857142857143 0.6833631484794276 0.055357142857142855 0.1073345259391771