82 0.21339285714285713 0.6636851520572451 0.15 0.08765652951699464
33 0.6241071428571429 0.7030411449016101 0.1392857142857143 0.12164579606440072
67 0.7776785714285714 0.6940966010733453 0.16607142857142856 0.1556350626118068
67 0.7625 0.19588550983899822 0.11785714285714285 0.10196779964221825
67 0.3026785714285714 0.20572450805008943 0.13392857142857142 0.11985688729874776
38 0.9008928571428572 0.6833631484794276 0.060714285714285714 0.11985688729874776
33 0.17589285714285716 0.23255813953488372 0.12321428571428572 0.1073345259391771
33 0.6535714285714286 0.17531305903398928 0.10178571428571428 0.08944543828264759
38 0.8473214285714286 0.2075134168157424 0.044642857142857144 0.07155635062611806
53 0.39732142857142855 0.19230769230769232 0.060714285714285714 0.09838998211091235
10 0.3339285714285714 0.6592128801431127 0.04642857142857143 0.07513416815742398