67 0.30089285714285713 0.7075134168157424 0.14642857142857144 0.13237924865831843
67 0.7776785714285714 0.22093023255813954 0.13214285714285715 0.1413237924865832
67 0.27053571428571427 0.17620751341681573 0.1375 0.10196779964221825
99 0.8133928571428571 0.6636851520572451 0.07321428571428572 0.13774597495527727
33 0.14107142857142857 0.18962432915921287 0.125 0.08944543828264759
55 0.15803571428571428 0.6914132379248659 0.14107142857142857 0.12164579606440072
33 0.65625 0.18783542039355994 0.11071428571428571 0.11091234347048301
38 0.8767857142857143 0.24865831842576028 0.05357142857142857 0.09660107334525939
59 0.375 0.16547406082289803 0.05892857142857143 0.07692307692307693
13 0.7017857142857142 0.6627906976744186 0.16428571428571428 0.17173524150268335
13 0.7026785714285714 0.6636851520572451 0.1625 0.16994633273703041
52 0.41380357142857144 0.7252415026833632 0.054142857142857145 0.13386404293381038