72 0.22053571428571428 0.6994633273703041 0.11607142857142858 0.148479427549195
101 0.3205357142857143 0.7101967799642218 0.04107142857142857 0.1037567084078712
67 0.7821428571428571 0.22093023255813954 0.15714285714285714 0.1413237924865832
67 0.76875 0.7119856887298748 0.14821428571428572 0.11806797853309481
67 0.2642857142857143 0.21645796064400716 0.10357142857142858 0.10554561717352415
33 0.6348214285714285 0.21645796064400716 0.1357142857142857 0.11806797853309481
33 0.6294642857142857 0.7084078711985689 0.12678571428571428 0.10196779964221825
33 0.16875 0.21288014311270126 0.08928571428571429 0.09302325581395349
17 0.3410714285714286 0.21735241502683364 0.04285714285714286 0.08228980322003578
38 0.8785714285714286 0.7128801431127012 0.05714285714285714 0.09660107334525939
41 0.9008928571428572 0.21735241502683364 0.05892857142857143 0.1073345259391771