44 0.20714285714285716 0.6440071556350626 0.18214285714285713 0.11091234347048301
67 0.7776785714285714 0.21914132379248658 0.15535714285714286 0.1592128801431127
33 0.13214285714285715 0.18694096601073346 0.14642857142857144 0.13416815742397137
33 0.60625 0.7119856887298748 0.14285714285714285 0.11270125223613596
67 0.7642857142857142 0.7173524150268337 0.17142857142857143 0.13237924865831843
67 0.29642857142857143 0.18425760286225404 0.175 0.16994633273703041
33 0.6339285714285714 0.20930232558139536 0.13214285714285715 0.13416815742397137
41 0.42589285714285713 0.18336314847942756 0.06785714285714285 0.13059033989266547
43 0.3339285714285714 0.6225402504472272 0.04642857142857143 0.07871198568872988
38 0.89375 0.7164579606440071 0.0625 0.1001788908765653
41 0.8955357142857143 0.2262969588550984 0.07142857142857142 0.12343470483005367