56 0.7053571428571429 0.6994633273703041 0.2892857142857143 0.13237924865831843
60 0.1982142857142857 0.16547406082289803 0.23035714285714284 0.13774597495527727
67 0.7723214285714286 0.2101967799642218 0.1625 0.1520572450805009
101 0.9276785714285715 0.7066189624329159 0.055357142857142855 0.09302325581395349
33 0.6205357142857143 0.2003577817531306 0.1357142857142857 0.1252236135957066
67 0.2892857142857143 0.7012522361359571 0.14821428571428572 0.14669051878354203
33 0.15 0.7280858676207513 0.12678571428571428 0.12701252236135957
41 0.8946428571428572 0.20661896243291591 0.05892857142857143 0.11627906976744186
59 0.36428571428571427 0.17620751341681573 0.07321428571428572 0.09660107334525939
43 0.3991071428571429 0.6869409660107334 0.055357142857142855 0.11627906976744186
11 0.3991071428571429 0.6878354203935599 0.05714285714285714 0.11806797853309481