24 0.6821428571428572 0.2003577817531306 0.14464285714285716 0.15384615384615385
67 0.2598214285714286 0.1261180679785331 0.1767857142857143 0.1413237924865832
67 0.3 0.6896243291592129 0.1357142857142857 0.12880143112701253
101 0.8053571428571429 0.2039355992844365 0.05 0.11627906976744186
23 0.11428571428571428 0.148479427549195 0.11964285714285715 0.13595706618962433
67 0.75 0.7101967799642218 0.1375 0.11806797853309481
81 0.8508928571428571 0.6949910554561717 0.07321428571428572 0.10554561717352415
33 0.6196428571428572 0.7182468694096601 0.125 0.11806797853309481
33 0.17767857142857144 0.6627906976744186 0.10892857142857143 0.1037567084078712
43 0.39107142857142857 0.10286225402504472 0.06785714285714285 0.10912343470483005
38 0.40089285714285716 0.7093023255813954 0.05178571428571429 0.08944543828264759