55 0.17857142857142858 0.7066189624329159 0.14642857142857144 0.13416815742397137
33 0.6428571428571429 0.7209302325581395 0.1125 0.12164579606440072
67 0.78125 0.21198568872987478 0.175 0.1520572450805009
33 0.6169642857142857 0.2075134168157424 0.14821428571428572 0.12343470483005367
33 0.15267857142857144 0.2075134168157424 0.13214285714285715 0.11985688729874776
67 0.7642857142857142 0.7039355992844365 0.125 0.13059033989266547
99 0.3053571428571429 0.6914132379248659 0.05714285714285714 0.11985688729874776
67 0.2910714285714286 0.20125223613595708 0.15535714285714286 0.13774597495527727
38 0.9089285714285714 0.20661896243291591 0.0625 0.11449016100178891
11 0.8535714285714285 0.6949910554561717 0.048214285714285716 0.10554561717352415
98 0.39464285714285713 0.19230769230769232 0.06607142857142857 0.11806797853309481