85 0.15625 0.684257602862254 0.11607142857142858 0.11985688729874776
68 0.19464285714285715 0.15384615384615385 0.3535714285714286 0.1806797853309481
55 0.6607142857142857 0.6869409660107334 0.17142857142857143 0.148479427549195
67 0.76875 0.1887298747763864 0.18392857142857144 0.16279069767441862
67 0.8267857142857142 0.6771019677996423 0.1625 0.17173524150268335
67 0.29017857142857145 0.6788908765652951 0.1375 0.13416815742397137
33 0.6026785714285714 0.1744186046511628 0.14285714285714285 0.1252236135957066
99 0.6151785714285715 0.8148479427549195 0.07321428571428572 0.13953488372093023
59 0.4348214285714286 0.16815742397137745 0.06428571428571428 0.1252236135957066
38 0.9089285714285714 0.19946332737030412 0.07142857142857142 0.12701252236135957
20 0.4142857142857143 0.684257602862254 0.04642857142857143 0.10554561717352415