82 0.7151785714285714 0.1779964221824687 0.1625 0.1001788908765653
67 0.2892857142857143 0.22093023255813954 0.15714285714285714 0.12164579606440072
33 0.14821428571428572 0.6887298747763864 0.12857142857142856 0.11270125223613596
67 0.2883928571428571 0.7101967799642218 0.15535714285714286 0.13774597495527727
67 0.7839285714285714 0.6994633273703041 0.13035714285714287 0.11806797853309481
33 0.14375 0.22808586762075134 0.13214285714285715 0.10196779964221825
20 0.40535714285714286 0.21288014311270126 0.05357142857142857 0.08944543828264759
33 0.6633928571428571 0.6601073345259392 0.11071428571428571 0.09660107334525939
53 0.4017857142857143 0.7307692307692307 0.060714285714285714 0.1037567084078712
38 0.8821428571428571 0.723613595706619 0.05 0.08050089445438283
90 0.8387678571428571 0.1916815742397138 0.05342857142857143 0.10030411449016101