67 0.7705357142857143 0.6976744186046512 0.1767857142857143 0.16457960644007155
67 0.30089285714285713 0.19767441860465115 0.18035714285714285 0.15742397137745975
67 0.7794642857142857 0.23524150268336314 0.16071428571428573 0.1449016100178891
33 0.12946428571428573 0.21645796064400716 0.15892857142857142 0.12164579606440072
20 0.8982142857142857 0.23076923076923078 0.05357142857142857 0.11627906976744186
33 0.6107142857142858 0.6395348837209303 0.1357142857142857 0.13774597495527727
33 0.63125 0.22450805008944544 0.13392857142857142 0.1252236135957066
67 0.2910714285714286 0.6851520572450805 0.14821428571428572 0.12701252236135957
33 0.15178571428571427 0.6932021466905188 0.13035714285714287 0.11091234347048301
38 0.43660714285714286 0.1815742397137746 0.06607142857142857 0.12164579606440072
41 0.4 0.6788908765652951 0.055357142857142855 0.1001788908765653
38 0.9044642857142857 0.7361359570661896 0.06607142857142857 0.11270125223613596