72 0.23660714285714285 0.19856887298747763 0.09285714285714286 0.1771019677996422
53 0.8857142857142857 0.2039355992844365 0.055357142857142855 0.1001788908765653
67 0.74375 0.7003577817531306 0.08214285714285714 0.08050089445438283
101 0.32142857142857145 0.20930232558139536 0.04107142857142857 0.12164579606440072
67 0.7803571428571429 0.20840787119856888 0.14642857142857144 0.12701252236135957
67 0.29464285714285715 0.7003577817531306 0.15892857142857142 0.11806797853309481
33 0.14732142857142858 0.6976744186046512 0.1375 0.1037567084078712
33 0.64375 0.20840787119856888 0.125 0.11270125223613596
33 0.6678571428571428 0.6905187835420393 0.07142857142857142 0.06797853309481217
38 0.4125 0.7039355992844365 0.060714285714285714 0.09302325581395349
17 0.8035714285714286 0.7039355992844365 0.03571428571428571 0.0626118067978533