47 0.22142857142857142 0.686046511627907 0.2785714285714286 0.15742397137745975
31 0.8633928571428572 0.5957066189624329 0.07857142857142857 0.14311270125223613
55 0.15982142857142856 0.17978533094812166 0.14821428571428572 0.13416815742397137
67 0.3053571428571429 0.16368515205724507 0.13392857142857142 0.13774597495527727
23 0.5946428571428571 0.6869409660107334 0.11785714285714285 0.18783542039355994
67 0.7383928571428572 0.6377459749552773 0.17857142857142858 0.1806797853309481
67 0.7660714285714286 0.18246869409660108 0.13035714285714287 0.13595706618962433
99 0.4089285714285714 0.6985688729874776 0.08392857142857142 0.148479427549195
33 0.6383928571428571 0.20483005366726298 0.13214285714285715 0.1252236135957066
59 0.8598214285714286 0.17173524150268335 0.06428571428571428 0.10554561717352415
11 0.4035714285714286 0.1592128801431127 0.05357142857142857 0.11449016100178891