23 0.08928571428571429 0.15295169946332737 0.09464285714285714 0.11270125223613596
31 0.35267857142857145 0.15831842576028624 0.06785714285714285 0.09838998211091235
67 0.79375 0.6940966010733453 0.15357142857142858 0.12880143112701253
67 0.20892857142857144 0.15652951699463327 0.14642857142857144 0.11449016100178891
67 0.7857142857142857 0.19230769230769232 0.14285714285714285 0.1413237924865832
67 0.2910714285714286 0.6887298747763864 0.17142857142857143 0.1806797853309481
33 0.6526785714285714 0.18694096601073346 0.12321428571428572 0.11627906976744186
33 0.1392857142857143 0.6288014311270125 0.13214285714285715 0.14311270125223613
33 0.65 0.6949910554561717 0.13392857142857142 0.1073345259391771
38 0.8919642857142858 0.19230769230769232 0.05892857142857143 0.1073345259391771
38 0.41875 0.7316636851520573 0.06964285714285715 0.1252236135957066
38 0.9080357142857143 0.6923076923076923 0.05714285714285714 0.09660107334525939