93 0.2 0.19051878354203935 0.3 0.1449016100178891
55 0.6607142857142857 0.2370304114490161 0.13214285714285715 0.148479427549195
67 0.27053571428571427 0.6976744186046512 0.17142857142857143 0.15742397137745975
67 0.7741071428571429 0.7155635062611807 0.1392857142857143 0.1449016100178891
67 0.7946428571428571 0.24776386404293382 0.1375 0.16100178890876565
99 0.8758928571428571 0.7075134168157424 0.05892857142857143 0.14311270125223613
43 0.4089285714285714 0.19946332737030412 0.055357142857142855 0.09302325581395349
38 0.3991071428571429 0.7030411449016101 0.07142857142857142 0.1252236135957066
55 0.6410714285714286 0.7227191413237924 0.13035714285714287 0.12880143112701253
23 0.12946428571428573 0.6914132379248659 0.10714285714285714 0.1520572450805009
23 0.12767857142857142 0.6880322003577818 0.10714285714285714 0.15384615384615385
99 0.8891607142857143 0.24078711985688728 0.05582142857142858 0.13889087656529517