63 0.27232142857142855 0.6529516994633273 0.24642857142857144 0.1449016100178891
67 0.7767857142857143 0.684257602862254 0.16964285714285715 0.14311270125223613
67 0.30178571428571427 0.2003577817531306 0.13035714285714287 0.1073345259391771
33 0.6196428571428572 0.6896243291592129 0.14107142857142857 0.11449016100178891
33 0.18125 0.2549194991055456 0.1125 0.10196779964221825
67 0.7544642857142857 0.13148479427549195 0.10357142857142858 0.11627906976744186
38 0.9017857142857143 0.6797853309481217 0.0625 0.11091234347048301
59 0.45357142857142857 0.682468694096601 0.05892857142857143 0.08586762075134168
43 0.8464285714285714 0.08139534883720931 0.04285714285714286 0.06797853309481217
38 0.39375 0.16189624329159213 0.048214285714285716 0.08228980322003578
97 0.6482142857142857 0.18355992844364938 0.10357142857142858 0.11091234347048301