67 0.30714285714285716 0.21288014311270126 0.16964285714285715 0.16100178890876565
67 0.7839285714285714 0.2110912343470483 0.17142857142857143 0.1520572450805009
49 0.23035714285714284 0.646690518783542 0.1767857142857143 0.18246869409660108
33 0.6241071428571429 0.2110912343470483 0.14464285714285716 0.12343470483005367
67 0.7830357142857143 0.7298747763864043 0.16607142857142856 0.14669051878354203
33 0.6285714285714286 0.7289803220035778 0.1392857142857143 0.1252236135957066
33 0.14642857142857144 0.21198568872987478 0.15 0.13059033989266547
71 0.35892857142857143 0.6574239713774598 0.048214285714285716 0.13237924865831843
38 0.9133928571428571 0.20483005366726298 0.06428571428571428 0.11806797853309481
38 0.9035714285714286 0.7245080500894454 0.06607142857142857 0.12343470483005367
38 0.4348214285714286 0.2101967799642218 0.06607142857142857 0.12701252236135957