20 0.42232142857142857 0.6976744186046512 0.0625 0.11806797853309481
67 0.3 0.6994633273703041 0.16428571428571428 0.1520572450805009
33 0.14732142857142858 0.19409660107334525 0.12857142857142856 0.12880143112701253
35 0.8178571428571428 0.6323792486583184 0.05 0.1413237924865832
67 0.28660714285714284 0.19320214669051877 0.15357142857142858 0.148479427549195
33 0.14642857142857144 0.6976744186046512 0.1392857142857143 0.12880143112701253
67 0.7625 0.21645796064400716 0.13035714285714287 0.12164579606440072
33 0.6383928571428571 0.21556350626118068 0.11607142857142858 0.1073345259391771
99 0.39375 0.18783542039355994 0.0625 0.11806797853309481
38 0.8598214285714286 0.21645796064400716 0.055357142857142855 0.09660107334525939
15 0.7089285714285715 0.6359570661896243 0.1392857142857143 0.16994633273703041