67 0.7803571428571429 0.2075134168157424 0.1625 0.148479427549195
67 0.30625 0.2182468694096601 0.16785714285714284 0.16815742397137745
67 0.3142857142857143 0.6610017889087657 0.13392857142857142 0.12701252236135957
33 0.6276785714285714 0.22003577817531306 0.14107142857142857 0.12343470483005367
67 0.7696428571428572 0.686046511627907 0.17142857142857143 0.16994633273703041
55 0.1669642857142857 0.6547406082289803 0.15178571428571427 0.13237924865831843
33 0.6089285714285714 0.6788908765652951 0.14285714285714285 0.1413237924865832
33 0.15535714285714286 0.22271914132379247 0.1375 0.14669051878354203
38 0.8991071428571429 0.686046511627907 0.06607142857142857 0.13059033989266547
38 0.9044642857142857 0.20125223613595708 0.06428571428571428 0.12343470483005367
38 0.42857142857142855 0.21377459749552774 0.06785714285714285 0.1449016100178891
11 0.4133928571428571 0.6592128801431127 0.044642857142857144 0.10196779964221825