85 0.12321428571428572 0.6565295169946332 0.1357142857142857 0.1037567084078712
23 0.64375 0.7084078711985689 0.09642857142857143 0.12164579606440072
67 0.2892857142857143 0.6610017889087657 0.18035714285714285 0.11806797853309481
67 0.2910714285714286 0.22719141323792486 0.15357142857142858 0.12880143112701253
67 0.7616071428571428 0.6753130590339893 0.14285714285714285 0.13774597495527727
23 0.16160714285714287 0.21645796064400716 0.10178571428571428 0.12343470483005367
41 0.4080357142857143 0.23613595706618962 0.055357142857142855 0.08765652951699464
59 0.44107142857142856 0.6636851520572451 0.06607142857142857 0.08765652951699464
17 0.83125 0.148479427549195 0.044642857142857144 0.12701252236135957
61 0.7196428571428571 0.13327370304114491 0.16071428571428573 0.1735241502683363
41 0.8633928571428572 0.6601073345259392 0.055357142857142855 0.1001788908765653