85 0.5973214285714286 0.629695885509839 0.12857142857142856 0.1073345259391771
76 0.6955357142857143 0.15831842576028624 0.1732142857142857 0.12343470483005367
33 0.12232142857142857 0.6815742397137746 0.15178571428571427 0.13237924865831843
67 0.29464285714285715 0.7057245080500895 0.1875 0.16636851520572452
67 0.7571428571428571 0.627906976744186 0.17857142857142858 0.11985688729874776
67 0.28125 0.19320214669051877 0.1357142857142857 0.08944543828264759
33 0.15446428571428572 0.21377459749552774 0.125 0.08586762075134168
59 0.90625 0.6252236135957067 0.06607142857142857 0.08586762075134168
43 0.3848214285714286 0.1708407871198569 0.044642857142857144 0.07334525939177101
43 0.8241071428571428 0.15295169946332737 0.05357142857142857 0.08944543828264759
53 0.4401785714285714 0.7128801431127012 0.06964285714285715 0.1252236135957066