33 0.61875 0.6932021466905188 0.14285714285714285 0.12343470483005367
67 0.7758928571428572 0.7012522361359571 0.16607142857142856 0.15026833631484796
67 0.7678571428571429 0.21556350626118068 0.15714285714285714 0.13774597495527727
33 0.6196428571428572 0.19767441860465115 0.1375 0.11806797853309481
67 0.2598214285714286 0.2146690518783542 0.11428571428571428 0.09660107334525939
17 0.3419642857142857 0.21914132379248658 0.044642857142857144 0.07155635062611806
41 0.8892857142857142 0.23434704830053668 0.07321428571428572 0.11091234347048301
33 0.15714285714285714 0.20572450805008943 0.09464285714285714 0.07692307692307693
38 0.9026785714285714 0.7021466905187835 0.06428571428571428 0.11627906976744186
29 0.18392857142857144 0.6717352415026834 0.10178571428571428 0.21645796064400716
20 0.2729642857142857 0.6759570661896244 0.06123214285714285 0.21211091234347046