76 0.6678571428571428 0.6663685152057245 0.18928571428571428 0.11985688729874776
67 0.7767857142857143 0.1887298747763864 0.18214285714285713 0.15384615384615385
67 0.2839285714285714 0.22093023255813954 0.14285714285714285 0.1449016100178891
67 0.2839285714285714 0.682468694096601 0.18571428571428572 0.16994633273703041
33 0.6053571428571428 0.22540250447227192 0.15892857142857142 0.12701252236135957
33 0.14910714285714285 0.21198568872987478 0.12678571428571428 0.1252236135957066
33 0.11607142857142858 0.6288014311270125 0.14821428571428572 0.15742397137745975
38 0.9098214285714286 0.16636851520572452 0.0625 0.11091234347048301
38 0.39107142857142857 0.22719141323792486 0.06428571428571428 0.11627906976744186
59 0.8142857142857143 0.6520572450805009 0.06607142857142857 0.08765652951699464
38 0.425 0.723613595706619 0.07857142857142857 0.13059033989266547