93 0.6964285714285714 0.16994633273703041 0.2857142857142857 0.12880143112701253
55 0.6383928571428571 0.6958855098389982 0.12321428571428572 0.1252236135957066
67 0.29375 0.6923076923076923 0.1625 0.1592128801431127
99 0.3830357142857143 0.22898032200357782 0.05892857142857143 0.11627906976744186
33 0.1455357142857143 0.6878354203935599 0.13392857142857142 0.13059033989266547
67 0.2839285714285714 0.22361359570661896 0.13392857142857142 0.13416815742397137
67 0.7589285714285714 0.6511627906976745 0.12857142857142856 0.11627906976744186
20 0.41160714285714284 0.6914132379248659 0.060714285714285714 0.11985688729874776
59 0.8919642857142858 0.16100178890876565 0.07142857142857142 0.08765652951699464
43 0.8535714285714285 0.6216457960644007 0.055357142857142855 0.09481216457960644
55 0.15446428571428572 0.2003577817531306 0.12857142857142856 0.12164579606440072