87 0.2080357142857143 0.7039355992844365 0.1982142857142857 0.16457960644007155
37 0.69375 0.7110912343470484 0.14464285714285716 0.1520572450805009
33 0.6267857142857143 0.17620751341681573 0.1732142857142857 0.13953488372093023
71 0.9026785714285714 0.17173524150268335 0.07321428571428572 0.13595706618962433
67 0.3169642857142857 0.19499105545617174 0.16428571428571428 0.16636851520572452
33 0.16160714285714287 0.18604651162790697 0.14464285714285716 0.13953488372093023
67 0.79375 0.16994633273703041 0.15535714285714286 0.1520572450805009
99 0.35446428571428573 0.7039355992844365 0.04285714285714286 0.14669051878354203
43 0.7883928571428571 0.648479427549195 0.055357142857142855 0.07334525939177101
38 0.4419642857142857 0.19767441860465115 0.06964285714285715 0.12701252236135957
41 0.44107142857142856 0.19767441860465115 0.06785714285714285 0.12701252236135957