83 0.21964285714285714 0.7048300536672629 0.22142857142857142 0.17173524150268335
67 0.30714285714285716 0.21914132379248658 0.16607142857142856 0.16994633273703041
33 0.61875 0.6914132379248659 0.14107142857142857 0.12164579606440072
67 0.7776785714285714 0.6976744186046512 0.16964285714285715 0.15384615384615385
67 0.7767857142857143 0.2334525939177102 0.16071428571428573 0.15026833631484796
41 0.3732142857142857 0.7101967799642218 0.05 0.11985688729874776
33 0.6294642857142857 0.20125223613595708 0.12857142857142856 0.1252236135957066
33 0.15625 0.22361359570661896 0.1375 0.14669051878354203
38 0.90625 0.6976744186046512 0.06428571428571428 0.11806797853309481
38 0.8964285714285715 0.24955277280858676 0.0625 0.11449016100178891
38 0.42857142857142855 0.21288014311270126 0.06964285714285715 0.1413237924865832