41 0.8982142857142857 0.6699463327370304 0.055357142857142855 0.08944543828264759
33 0.13839285714285715 0.1771019677996422 0.14285714285714285 0.11985688729874776
33 0.6151785714285715 0.16636851520572452 0.14107142857142857 0.13595706618962433
67 0.7696428571428572 0.16279069767441862 0.16428571428571428 0.16815742397137745
67 0.7767857142857143 0.6735241502683363 0.15714285714285714 0.11985688729874776
67 0.3026785714285714 0.6654740608228981 0.17142857142857143 0.148479427549195
67 0.29375 0.18962432915921287 0.16785714285714284 0.1449016100178891
33 0.6285714285714286 0.6717352415026834 0.1357142857142857 0.10196779964221825
33 0.14285714285714285 0.7048300536672629 0.15714285714285714 0.13416815742397137
38 0.4205357142857143 0.2003577817531306 0.06607142857142857 0.10912343470483005
53 0.8946428571428572 0.15652951699463327 0.06607142857142857 0.13774597495527727
38 0.42142857142857143 0.6413237924865832 0.06785714285714285 0.11627906976744186