70 0.21696428571428572 0.6556350626118068 0.24821428571428572 0.10912343470483005
55 0.6392857142857142 0.23255813953488372 0.15357142857142858 0.15742397137745975
67 0.29910714285714285 0.19409660107334525 0.14821428571428572 0.14669051878354203
67 0.7892857142857143 0.20125223613595708 0.14821428571428572 0.1592128801431127
33 0.6303571428571428 0.6896243291592129 0.11428571428571428 0.09838998211091235
67 0.7464285714285714 0.6520572450805009 0.1357142857142857 0.10554561717352415
33 0.15625 0.19051878354203935 0.12678571428571428 0.11806797853309481
43 0.38125 0.6538461538461539 0.05178571428571429 0.08228980322003578
38 0.4080357142857143 0.19409660107334525 0.060714285714285714 0.11091234347048301
59 0.8419642857142857 0.6189624329159212 0.060714285714285714 0.07513416815742398
20 0.8982857142857144 0.18810375670840787 0.06137499999999999 0.16470483005366726