53 0.41517857142857145 0.22540250447227192 0.06428571428571428 0.1037567084078712
72 0.71875 0.22361359570661896 0.11071428571428571 0.13595706618962433
101 0.8125 0.2370304114490161 0.0375 0.09660107334525939
67 0.30178571428571427 0.6976744186046512 0.16607142857142856 0.148479427549195
33 0.14821428571428572 0.7039355992844365 0.14107142857142857 0.1252236135957066
67 0.28482142857142856 0.21735241502683364 0.16964285714285715 0.13953488372093023
67 0.76875 0.6565295169946332 0.15357142857142858 0.13774597495527727
33 0.6258928571428571 0.6636851520572451 0.13035714285714287 0.10912343470483005
33 0.12767857142857142 0.1967799642218247 0.14107142857142857 0.1073345259391771
38 0.42589285714285713 0.6896243291592129 0.060714285714285714 0.12164579606440072
38 0.8794642857142857 0.648479427549195 0.060714285714285714 0.1037567084078712