67 0.7785714285714286 0.6949910554561717 0.1625 0.14669051878354203
33 0.6294642857142857 0.6887298747763864 0.1357142857142857 0.1252236135957066
67 0.30892857142857144 0.2003577817531306 0.16785714285714284 0.14311270125223613
53 0.91875 0.1520572450805009 0.07678571428571429 0.12880143112701253
33 0.6160714285714286 0.23255813953488372 0.1625 0.14311270125223613
33 0.15446428571428572 0.21735241502683364 0.1392857142857143 0.11627906976744186
67 0.7901785714285714 0.18336314847942756 0.18571428571428572 0.16457960644007155
38 0.9 0.6958855098389982 0.0625 0.11449016100178891
38 0.4294642857142857 0.1887298747763864 0.0625 0.11091234347048301
71 0.17142857142857143 0.6878354203935599 0.07857142857142857 0.10912343470483005
67 0.2883928571428571 0.686046511627907 0.08928571428571429 0.11985688729874776