67 0.29464285714285715 0.6932021466905188 0.15 0.148479427549195
33 0.6160714285714286 0.6717352415026834 0.14107142857142857 0.11449016100178891
67 0.31160714285714286 0.17262969588550983 0.1732142857142857 0.17889087656529518
67 0.7732142857142857 0.6833631484794276 0.16785714285714284 0.15026833631484796
33 0.14910714285714285 0.18246869409660108 0.15535714285714286 0.148479427549195
33 0.15446428571428572 0.6958855098389982 0.12142857142857143 0.12701252236135957
67 0.7616071428571428 0.22361359570661896 0.1375 0.10196779964221825
38 0.9053571428571429 0.684257602862254 0.0625 0.1073345259391771
33 0.6366071428571428 0.23166368515205724 0.10714285714285714 0.08586762075134168
38 0.8678571428571429 0.21288014311270126 0.05178571428571429 0.08407871198568873
31 0.4419642857142857 0.1592128801431127 0.06785714285714285 0.13774597495527727
38 0.4017857142857143 0.6985688729874776 0.05714285714285714 0.11270125223613596