67 0.2892857142857143 0.6735241502683363 0.16071428571428573 0.14669051878354203
67 0.7821428571428571 0.19588550983899822 0.15892857142857142 0.1520572450805009
67 0.7571428571428571 0.6771019677996423 0.15178571428571427 0.10912343470483005
33 0.63125 0.1887298747763864 0.14464285714285716 0.13237924865831843
33 0.6125 0.6771019677996423 0.1357142857142857 0.09660107334525939
67 0.2892857142857143 0.21645796064400716 0.14285714285714285 0.148479427549195
33 0.1625 0.2334525939177102 0.1125 0.12880143112701253
33 0.1375 0.686046511627907 0.1392857142857143 0.11806797853309481
38 0.9035714285714286 0.19767441860465115 0.06428571428571428 0.12343470483005367
38 0.875 0.6708407871198568 0.05 0.08765652951699464
38 0.40714285714285714 0.6654740608228981 0.0625 0.11449016100178891
38 0.3875 0.20483005366726298 0.06428571428571428 0.12880143112701253