67 0.7758928571428572 0.21735241502683364 0.17857142857142858 0.16815742397137745
67 0.7839285714285714 0.6735241502683363 0.1625 0.14311270125223613
33 0.6089285714285714 0.20572450805008943 0.15 0.13059033989266547
67 0.2642857142857143 0.7119856887298748 0.11428571428571428 0.08765652951699464
67 0.28035714285714286 0.15652951699463327 0.14642857142857144 0.13774597495527727
33 0.6339285714285714 0.6833631484794276 0.14107142857142857 0.12164579606440072
33 0.14642857142857144 0.2075134168157424 0.1392857142857143 0.12164579606440072
38 0.9116071428571428 0.22450805008944544 0.06607142857142857 0.12701252236135957
41 0.9035714285714286 0.6663685152057245 0.060714285714285714 0.1073345259391771
33 0.15625 0.7110912343470484 0.1 0.07871198568872988
38 0.34910714285714284 0.7084078711985689 0.044642857142857144 0.06797853309481217
92 0.37857142857142856 0.12343470483005367 0.0625 0.11806797853309481
38 0.37857142857142856 0.12343470483005367 0.0625 0.11449016100178891
92 0.37857142857142856 0.12432915921288014 0.0625 0.11985688729874776