67 0.7875 0.1851520572450805 0.18214285714285713 0.17531305903398928
31 0.36160714285714285 0.6001788908765653 0.07321428571428572 0.1073345259391771
67 0.33303571428571427 0.20572450805008943 0.18392857142857144 0.1806797853309481
33 0.6294642857142857 0.17620751341681573 0.1392857142857143 0.14311270125223613
33 0.16517857142857142 0.16994633273703041 0.15535714285714286 0.1520572450805009
67 0.29017857142857145 0.6565295169946332 0.07321428571428572 0.1413237924865832
67 0.73125 0.6994633273703041 0.09464285714285714 0.09481216457960644
33 0.6455357142857143 0.6994633273703041 0.07857142857142857 0.08050089445438283
99 0.10892857142857143 0.29069767441860467 0.05892857142857143 0.13595706618962433
38 0.7982142857142858 0.6976744186046512 0.03571428571428571 0.06976744186046512
38 0.9241071428571429 0.18694096601073346 0.07142857142857142 0.13774597495527727
67 0.19196428571428573 0.7128801431127012 0.12857142857142856 0.16636851520572452
55 0.19196428571428573 0.7119856887298748 0.13392857142857142 0.16815742397137745