46 0.7071428571428572 0.6744186046511628 0.2839285714285714 0.13595706618962433
67 0.31160714285714286 0.20840787119856888 0.16964285714285715 0.15384615384615385
23 0.5991071428571428 0.19588550983899822 0.11964285714285715 0.1806797853309481
33 0.15267857142857144 0.20930232558139536 0.14464285714285716 0.13416815742397137
67 0.7455357142857143 0.16815742397137745 0.18571428571428572 0.17531305903398928
67 0.2955357142857143 0.6806797853309481 0.16964285714285715 0.16457960644007155
33 0.13660714285714284 0.6932021466905188 0.14464285714285716 0.13237924865831843
81 0.8875 0.15295169946332737 0.09821428571428571 0.1413237924865832
38 0.42232142857142857 0.6663685152057245 0.06964285714285715 0.13237924865831843
43 0.9089285714285714 0.6967799642218246 0.055357142857142855 0.08407871198568873
38 0.4392857142857143 0.20214669051878353 0.06607142857142857 0.13595706618962433