67 0.30625 0.7093023255813954 0.16785714285714284 0.16815742397137745
24 0.7008928571428571 0.6529516994633273 0.18392857142857144 0.11270125223613596
33 0.15 0.7093023255813954 0.1392857142857143 0.13595706618962433
33 0.15982142857142856 0.23166368515205724 0.10892857142857143 0.11985688729874776
67 0.28035714285714286 0.23792486583184258 0.13392857142857142 0.13774597495527727
67 0.7830357142857143 0.22093023255813954 0.14107142857142857 0.13416815742397137
33 0.6553571428571429 0.2146690518783542 0.11785714285714285 0.11091234347048301
41 0.4303571428571429 0.7012522361359571 0.06428571428571428 0.12880143112701253
38 0.8830357142857143 0.22361359570661896 0.055357142857142855 0.10554561717352415
101 0.8375 0.6431127012522362 0.06964285714285715 0.09302325581395349
11 0.3776785714285714 0.23792486583184258 0.05178571428571429 0.1073345259391771