78 0.6928571428571428 0.644901610017889 0.26785714285714285 0.12880143112701253
67 0.29642857142857143 0.6610017889087657 0.16071428571428573 0.16100178890876565
41 0.41696428571428573 0.6547406082289803 0.0625 0.12343470483005367
33 0.14732142857142858 0.6654740608228981 0.13214285714285715 0.13059033989266547
67 0.7821428571428571 0.20930232558139536 0.175 0.1413237924865832
67 0.2883928571428571 0.24508050089445438 0.14464285714285716 0.11449016100178891
33 0.15446428571428572 0.24865831842576028 0.12142857142857143 0.1001788908765653
33 0.6196428571428572 0.2003577817531306 0.15 0.11985688729874776
43 0.8696428571428572 0.6216457960644007 0.05 0.08765652951699464
38 0.9098214285714286 0.22093023255813954 0.06785714285714285 0.11091234347048301
53 0.39464285714285713 0.24329159212880144 0.05714285714285714 0.09660107334525939