85 0.6982142857142857 0.6797853309481217 0.05357142857142857 0.10912343470483005
67 0.7571428571428571 0.6762075134168157 0.05892857142857143 0.11449016100178891
17 0.35446428571428573 0.18783542039355994 0.05714285714285714 0.11985688729874776
96 0.23125 0.19320214669051877 0.15714285714285714 0.13774597495527727
55 0.63125 0.1967799642218247 0.14107142857142857 0.11627906976744186
67 0.29285714285714287 0.6887298747763864 0.16071428571428573 0.12880143112701253
67 0.7732142857142857 0.20661896243291591 0.14464285714285716 0.12701252236135957
33 0.14375 0.6896243291592129 0.1357142857142857 0.1073345259391771
38 0.41160714285714284 0.686046511627907 0.0625 0.10196779964221825
85 0.7196428571428571 0.6788908765652951 0.11071428571428571 0.12343470483005367
20 0.8107142857142857 0.6806797853309481 0.030357142857142857 0.10554561717352415
52 0.88125 0.21645796064400716 0.0625 0.10196779964221825
52 0.88125 0.21645796064400716 0.060714285714285714 0.10196779964221825