31 0.37857142857142856 0.6914132379248659 0.06428571428571428 0.11806797853309481
67 0.2517857142857143 0.6887298747763864 0.1375 0.13953488372093023
67 0.7839285714285714 0.6932021466905188 0.14642857142857144 0.13595706618962433
23 0.13214285714285715 0.6905187835420393 0.10178571428571428 0.14311270125223613
67 0.2785714285714286 0.20840787119856888 0.14285714285714285 0.11806797853309481
23 0.15803571428571428 0.22898032200357782 0.1 0.12164579606440072
33 0.6464285714285715 0.686046511627907 0.125 0.11270125223613596
67 0.7910714285714285 0.2262969588550984 0.12857142857142856 0.10912343470483005
33 0.6696428571428571 0.22361359570661896 0.1125 0.09302325581395349
38 0.8866071428571428 0.22450805008944544 0.048214285714285716 0.08407871198568873
38 0.38125 0.19141323792486584 0.05357142857142857 0.08765652951699464
11 0.8955357142857143 0.6949910554561717 0.05178571428571429 0.09481216457960644
20 0.8955357142857143 0.6940966010733453 0.05 0.09481216457960644