18 0.19732142857142856 0.6762075134168157 0.14642857142857144 0.16279069767441862
67 0.78125 0.21377459749552774 0.17142857142857143 0.16100178890876565
67 0.2857142857142857 0.18694096601073346 0.1732142857142857 0.13059033989266547
55 0.6116071428571429 0.6753130590339893 0.15535714285714286 0.1073345259391771
33 0.6214285714285714 0.2075134168157424 0.14107142857142857 0.12701252236135957
33 0.12053571428571429 0.18425760286225404 0.14464285714285716 0.11091234347048301
67 0.7714285714285715 0.6717352415026834 0.16071428571428573 0.1252236135957066
38 0.9089285714285714 0.21288014311270126 0.0625 0.11806797853309481
59 0.8946428571428572 0.6762075134168157 0.0625 0.08765652951699464
38 0.41785714285714287 0.1806797853309481 0.05892857142857143 0.09838998211091235
98 0.3205357142857143 0.6511627906976745 0.06785714285714285 0.18604651162790697