83 0.2080357142857143 0.6377459749552773 0.30178571428571427 0.13059033989266547
33 0.6241071428571429 0.6815742397137746 0.15 0.13774597495527727
67 0.7758928571428572 0.2101967799642218 0.1625 0.1556350626118068
67 0.2910714285714286 0.21735241502683364 0.15357142857142858 0.15026833631484796
33 0.6294642857142857 0.18783542039355994 0.125 0.12880143112701253
67 0.7875 0.6797853309481217 0.175 0.16457960644007155
33 0.1455357142857143 0.22003577817531306 0.13392857142857142 0.12343470483005367
41 0.8991071428571429 0.22003577817531306 0.0625 0.11985688729874776
38 0.9178571428571428 0.6726296958855098 0.06607142857142857 0.13059033989266547
43 0.41160714285714284 0.6502683363148479 0.06785714285714285 0.1001788908765653
41 0.40535714285714286 0.21377459749552774 0.060714285714285714 0.12343470483005367