46 0.21517857142857144 0.19051878354203935 0.2625 0.11985688729874776
67 0.7741071428571429 0.22003577817531306 0.15 0.148479427549195
67 0.29732142857142857 0.7003577817531306 0.15535714285714286 0.148479427549195
33 0.14910714285714285 0.6976744186046512 0.13214285714285715 0.11627906976744186
33 0.6339285714285714 0.24329159212880144 0.13392857142857142 0.12701252236135957
38 0.4160714285714286 0.7012522361359571 0.06428571428571428 0.11985688729874776
59 0.3919642857142857 0.16547406082289803 0.0625 0.07871198568872988
59 0.8169642857142857 0.6350626118067979 0.05178571428571429 0.0626118067978533
65 0.6982142857142857 0.6923076923076923 0.18392857142857144 0.12701252236135957
11 0.8821428571428571 0.2039355992844365 0.05714285714285714 0.11985688729874776
11 0.8821428571428571 0.2039355992844365 0.055357142857142855 0.11985688729874776