16 0.6410714285714286 0.6457960644007156 0.1625 0.10554561717352415
67 0.7830357142857143 0.2003577817531306 0.18035714285714285 0.16100178890876565
33 0.15178571428571427 0.148479427549195 0.12857142857142856 0.09838998211091235
33 0.6151785714285715 0.21288014311270126 0.15357142857142858 0.12880143112701253
67 0.7848214285714286 0.6601073345259392 0.125 0.10912343470483005
67 0.29285714285714287 0.1771019677996422 0.15178571428571427 0.11806797853309481
61 0.22321428571428573 0.6994633273703041 0.25535714285714284 0.08944543828264759
38 0.9178571428571428 0.19230769230769232 0.07142857142857142 0.12343470483005367
59 0.38392857142857145 0.6958855098389982 0.048214285714285716 0.06797853309481217
59 0.8919642857142858 0.6699463327370304 0.05357142857142857 0.07513416815742398
59 0.41160714285714284 0.20214669051878353 0.0625 0.08765652951699464