91 0.21160714285714285 0.7093023255813954 0.21607142857142858 0.16636851520572452
55 0.15803571428571428 0.19856887298747763 0.19642857142857142 0.16636851520572452
67 0.3464285714285714 0.19320214669051877 0.18928571428571428 0.19141323792486584
67 0.76875 0.19230769230769232 0.13392857142857142 0.13416815742397137
33 0.625 0.6681574239713775 0.1357142857142857 0.13953488372093023
67 0.7767857142857143 0.7021466905187835 0.16428571428571428 0.148479427549195
33 0.64375 0.17978533094812166 0.11785714285714285 0.11270125223613596
99 0.08214285714285714 0.33094812164579607 0.06785714285714285 0.15742397137745975
62 0.3705357142857143 0.725402504472272 0.05178571428571429 0.11806797853309481
38 0.86875 0.20483005366726298 0.05892857142857143 0.10196779964221825
31 0.8951071428571429 0.6992128801431128 0.06771428571428571 0.1413953488372093