91 0.21160714285714285 0.6556350626118068 0.25357142857142856 0.11985688729874776
33 0.6223214285714286 0.7110912343470484 0.1375 0.13059033989266547
67 0.775 0.7066189624329159 0.16428571428571428 0.15026833631484796
33 0.12142857142857143 0.1851520572450805 0.1357142857142857 0.13416815742397137
67 0.2785714285714286 0.22540250447227192 0.175 0.16994633273703041
33 0.6160714285714286 0.19856887298747763 0.14464285714285716 0.1556350626118068
67 0.7758928571428572 0.2075134168157424 0.1732142857142857 0.1771019677996422
43 0.3964285714285714 0.669051878354204 0.05357142857142857 0.08765652951699464
38 0.41160714285714284 0.24776386404293382 0.07321428571428572 0.12164579606440072
38 0.9026785714285714 0.21198568872987478 0.07321428571428572 0.1449016100178891
20 0.8964285714285715 0.7021466905187835 0.060714285714285714 0.11985688729874776