85 0.6232142857142857 0.19320214669051877 0.10892857142857143 0.1037567084078712
67 0.7535714285714286 0.2039355992844365 0.14464285714285716 0.12164579606440072
67 0.3044642857142857 0.6896243291592129 0.1732142857142857 0.1520572450805009
33 0.6160714285714286 0.6359570661896243 0.14285714285714285 0.1413237924865832
67 0.7785714285714286 0.7146690518783542 0.18392857142857144 0.17531305903398928
33 0.14464285714285716 0.7057245080500895 0.14821428571428572 0.1252236135957066
31 0.8669642857142857 0.20572450805008943 0.05892857142857143 0.08765652951699464
38 0.9205357142857142 0.7683363148479427 0.07678571428571429 0.11627906976744186
41 0.42857142857142855 0.6708407871198568 0.06607142857142857 0.12164579606440072
52 0.2883928571428571 0.13953488372093023 0.044642857142857144 0.13595706618962433
46 0.18482142857142858 0.1511627906976744 0.1392857142857143 0.16279069767441862