67 0.27589285714285716 0.667262969588551 0.16428571428571428 0.15026833631484796
67 0.7723214285714286 0.21645796064400716 0.16428571428571428 0.12880143112701253
67 0.3223214285714286 0.22182468694096602 0.14107142857142857 0.1449016100178891
33 0.6151785714285715 0.2262969588550984 0.14642857142857144 0.11091234347048301
33 0.19017857142857142 0.22808586762075134 0.12321428571428572 0.12701252236135957
23 0.1392857142857143 0.6726296958855098 0.10535714285714286 0.1556350626118068
38 0.8973214285714286 0.20483005366726298 0.05892857142857143 0.09838998211091235
38 0.39553571428571427 0.6583184257602862 0.0625 0.12343470483005367
43 0.39017857142857143 0.23076923076923078 0.06428571428571428 0.13059033989266547
74 0.7040892857142858 0.6733989266547407 0.2959107142857143 0.1252236135957066
101 0.8775535714285715 0.6721109123434704 0.07142857142857142 0.12266547406082288