13 0.21785714285714286 0.6601073345259392 0.17142857142857143 0.08944543828264759
67 0.3125 0.1967799642218247 0.17142857142857143 0.16100178890876565
33 0.15 0.20483005366726298 0.15 0.1413237924865832
67 0.7821428571428571 0.2817531305903399 0.09107142857142857 0.08586762075134168
67 0.7741071428571429 0.7039355992844365 0.10892857142857143 0.14311270125223613
33 0.6669642857142857 0.6940966010733453 0.10357142857142858 0.13595706618962433
38 0.4392857142857143 0.19320214669051877 0.05892857142857143 0.11627906976744186
33 0.6910714285714286 0.2880143112701252 0.08571428571428572 0.08050089445438283
59 0.35535714285714287 0.6645796064400715 0.0625 0.07513416815742398
38 0.8580357142857142 0.27906976744186046 0.04285714285714286 0.07155635062611806
11 0.8788214285714285 0.7181216457960644 0.07908928571428571 0.12778175313059034