21 0.6758928571428572 0.6699463327370304 0.18928571428571428 0.13953488372093023
103 0.8375 0.6538461538461539 0.06785714285714285 0.12880143112701253
67 0.2910714285714286 0.6636851520572451 0.17142857142857143 0.15384615384615385
11 0.6026785714285714 0.32021466905187834 0.08571428571428572 0.11985688729874776
67 0.29732142857142857 0.23076923076923078 0.15 0.11627906976744186
33 0.15892857142857142 0.22361359570661896 0.12678571428571428 0.10196779964221825
38 0.4142857142857143 0.6332737030411449 0.06785714285714285 0.11806797853309481
23 0.14732142857142858 0.7003577817531306 0.11964285714285715 0.15384615384615385
38 0.40625 0.23524150268336314 0.05714285714285714 0.08944543828264759
97 0.73125 0.22271914132379247 0.34464285714285714 0.2003577817531306
24 0.14732142857142858 0.6976744186046512 0.12142857142857143 0.15384615384615385