64 0.19642857142857142 0.6547406082289803 0.19107142857142856 0.10196779964221825
33 0.14285714285714285 0.19856887298747763 0.14821428571428572 0.13595706618962433
67 0.7705357142857143 0.6887298747763864 0.15714285714285714 0.13416815742397137
67 0.30625 0.19767441860465115 0.1767857142857143 0.16636851520572452
33 0.6241071428571429 0.6833631484794276 0.13392857142857142 0.11270125223613596
33 0.6205357142857143 0.22093023255813954 0.12321428571428572 0.08586762075134168
67 0.7446428571428572 0.19230769230769232 0.1375 0.08944543828264759
41 0.4392857142857143 0.19320214669051877 0.06964285714285715 0.1252236135957066
59 0.34285714285714286 0.6404293381037567 0.060714285714285714 0.08228980322003578
59 0.8464285714285714 0.16368515205724507 0.05714285714285714 0.06440071556350627
62 0.8892857142857142 0.6905187835420393 0.060714285714285714 0.1037567084078712