89 0.6410714285714286 0.6717352415026834 0.16607142857142856 0.11449016100178891
67 0.2955357142857143 0.2110912343470483 0.17142857142857143 0.1592128801431127
67 0.30089285714285713 0.6985688729874776 0.16428571428571428 0.148479427549195
33 0.14910714285714285 0.6994633273703041 0.14107142857142857 0.1252236135957066
67 0.7919642857142857 0.21198568872987478 0.175 0.15742397137745975
33 0.13392857142857142 0.19946332737030412 0.14285714285714285 0.1252236135957066
53 0.4276785714285714 0.21288014311270126 0.06607142857142857 0.12701252236135957
33 0.6303571428571428 0.2298747763864043 0.14464285714285716 0.13416815742397137
38 0.42232142857142857 0.6958855098389982 0.06428571428571428 0.11985688729874776
71 0.7964285714285714 0.6654740608228981 0.06428571428571428 0.09123434704830054
38 0.9178571428571428 0.19499105545617174 0.06428571428571428 0.11627906976744186