67 0.76875 0.6914132379248659 0.15892857142857142 0.14669051878354203
67 0.3026785714285714 0.6887298747763864 0.18035714285714285 0.16279069767441862
67 0.7767857142857143 0.20930232558139536 0.16607142857142856 0.16994633273703041
33 0.6267857142857143 0.15742397137745975 0.13214285714285715 0.1413237924865832
33 0.1375 0.6753130590339893 0.14821428571428572 0.1449016100178891
33 0.6214285714285714 0.669051878354204 0.12678571428571428 0.12164579606440072
67 0.31339285714285714 0.21288014311270126 0.1357142857142857 0.1556350626118068
38 0.8857142857142857 0.7012522361359571 0.060714285714285714 0.10554561717352415
38 0.9035714285714286 0.24508050089445438 0.06964285714285715 0.11806797853309481
38 0.4348214285714286 0.6905187835420393 0.07321428571428572 0.12880143112701253
55 0.17232142857142857 0.21377459749552774 0.14821428571428572 0.14311270125223613
71 0.41160714285714284 0.2146690518783542 0.05714285714285714 0.12701252236135957
71 0.4125 0.2146690518783542 0.05892857142857143 0.1252236135957066