67 0.30714285714285716 0.2101967799642218 0.1375 0.10554561717352415
67 0.775 0.686046511627907 0.14642857142857144 0.11627906976744186
67 0.28660714285714284 0.6618962432915921 0.16964285714285715 0.1413237924865832
33 0.13125 0.6565295169946332 0.14107142857142857 0.1252236135957066
41 0.40982142857142856 0.1967799642218247 0.04642857142857143 0.07513416815742398
33 0.1767857142857143 0.22719141323792486 0.12321428571428572 0.09481216457960644
33 0.6366071428571428 0.6896243291592129 0.13214285714285715 0.1037567084078712
38 0.8821428571428571 0.6806797853309481 0.05714285714285714 0.09302325581395349
43 0.8678571428571429 0.2039355992844365 0.04285714285714286 0.08228980322003578
70 0.74375 0.1708407871198569 0.18392857142857144 0.13237924865831843
38 0.41160714285714284 0.6708407871198568 0.06964285714285715 0.11270125223613596