46 0.6696428571428571 0.1520572450805009 0.14464285714285716 0.16994633273703041
67 0.29375 0.6887298747763864 0.16428571428571428 0.15384615384615385
33 0.14017857142857143 0.6771019677996423 0.1392857142857143 0.1252236135957066
67 0.30625 0.18962432915921287 0.18392857142857144 0.15742397137745975
33 0.13482142857142856 0.2298747763864043 0.15714285714285714 0.12701252236135957
33 0.6223214285714286 0.6359570661896243 0.10178571428571428 0.10196779964221825
38 0.41785714285714287 0.6878354203935599 0.05892857142857143 0.11627906976744186
67 0.7392857142857143 0.6493738819320215 0.13392857142857142 0.11627906976744186
43 0.8357142857142857 0.6645796064400715 0.05357142857142857 0.09302325581395349
53 0.44375 0.16189624329159213 0.06428571428571428 0.11627906976744186
52 0.7723214285714286 0.14221824686940965 0.04642857142857143 0.13595706618962433