49 0.7151785714285714 0.6753130590339893 0.18928571428571428 0.16279069767441862
33 0.16428571428571428 0.1851520572450805 0.14464285714285716 0.13416815742397137
67 0.31785714285714284 0.1806797853309481 0.15535714285714286 0.1556350626118068
67 0.30178571428571427 0.669051878354204 0.1357142857142857 0.13774597495527727
55 0.16517857142857142 0.7450805008944544 0.15 0.1520572450805009
71 0.85625 0.6878354203935599 0.04642857142857143 0.11270125223613596
67 0.7464285714285714 0.19588550983899822 0.16071428571428573 0.10196779964221825
33 0.6008928571428571 0.21914132379248658 0.1357142857142857 0.09123434704830054
45 0.40089285714285716 0.6225402504472272 0.06428571428571428 0.10554561717352415
59 0.86875 0.1771019677996422 0.06785714285714285 0.07871198568872988
101 0.42142857142857143 0.17531305903398928 0.060714285714285714 0.1252236135957066