67 0.7678571428571429 0.23524150268336314 0.1392857142857143 0.14669051878354203
67 0.3 0.6932021466905188 0.15 0.148479427549195
67 0.3098214285714286 0.14311270125223613 0.1392857142857143 0.12164579606440072
33 0.6455357142857143 0.1967799642218247 0.10178571428571428 0.13237924865831843
33 0.16339285714285715 0.6896243291592129 0.12321428571428572 0.12701252236135957
67 0.8035714285714286 0.6833631484794276 0.175 0.1520572450805009
43 0.41517857142857145 0.13953488372093023 0.060714285714285714 0.11449016100178891
33 0.19017857142857142 0.15384615384615385 0.10535714285714286 0.1037567084078712
33 0.6375 0.7379248658318426 0.16785714285714284 0.14669051878354203
38 0.93125 0.6323792486583184 0.08214285714285714 0.1252236135957066
38 0.4107142857142857 0.6938461538461539 0.06632142857142857 0.14567084078711987