91 0.7 0.6717352415026834 0.28214285714285714 0.13774597495527727
67 0.29464285714285715 0.19499105545617174 0.1767857142857143 0.16815742397137745
33 0.13214285714285715 0.19051878354203935 0.14464285714285716 0.13237924865831843
67 0.3044642857142857 0.7075134168157424 0.16607142857142856 0.13774597495527727
67 0.78125 0.1887298747763864 0.15892857142857142 0.13774597495527727
33 0.6357142857142857 0.1887298747763864 0.13392857142857142 0.11806797853309481
33 0.15178571428571427 0.7325581395348837 0.14285714285714285 0.12701252236135957
38 0.4276785714285714 0.19141323792486584 0.06785714285714285 0.13237924865831843
38 0.42232142857142857 0.6851520572450805 0.060714285714285714 0.11449016100178891
59 0.9017857142857143 0.6940966010733453 0.06964285714285715 0.08765652951699464
98 0.8973392857142857 0.1688550983899821 0.0625 0.11627906976744186