46 0.21607142857142858 0.19141323792486584 0.26071428571428573 0.11985688729874776
67 0.7785714285714286 0.6618962432915921 0.16071428571428573 0.16279069767441862
67 0.2857142857142857 0.6395348837209303 0.16428571428571428 0.1556350626118068
33 0.6294642857142857 0.6663685152057245 0.1375 0.12880143112701253
23 0.6294642857142857 0.19499105545617174 0.10714285714285714 0.13059033989266547
33 0.13660714285714284 0.6896243291592129 0.14285714285714285 0.13416815742397137
67 0.7571428571428571 0.1708407871198569 0.15357142857142858 0.13059033989266547
41 0.8991071428571429 0.6547406082289803 0.060714285714285714 0.1252236135957066
38 0.3982142857142857 0.6118067978533095 0.06428571428571428 0.11627906976744186
59 0.39285714285714285 0.16547406082289803 0.060714285714285714 0.07871198568872988
101 0.8673392857142856 0.1527191413237925 0.04391071428571428 0.1336851520572451