77 0.7008928571428571 0.13953488372093023 0.29642857142857143 0.16279069767441862
41 0.42142857142857143 0.16010733452593917 0.05892857142857143 0.10912343470483005
33 0.6160714285714286 0.6797853309481217 0.14285714285714285 0.13595706618962433
67 0.30089285714285713 0.1806797853309481 0.16785714285714284 0.14311270125223613
67 0.7741071428571429 0.7030411449016101 0.16785714285714284 0.1592128801431127
67 0.2883928571428571 0.7477638640429338 0.13035714285714287 0.13237924865831843
33 0.16875 0.7415026833631485 0.11071428571428571 0.12164579606440072
33 0.1455357142857143 0.20840787119856888 0.14285714285714285 0.12164579606440072
38 0.9035714285714286 0.7137745974955277 0.06964285714285715 0.11985688729874776
59 0.8973214285714286 0.13953488372093023 0.08214285714285714 0.14311270125223613
71 0.38035714285714284 0.7558139534883721 0.05357142857142857 0.10196779964221825
11 0.38035714285714284 0.7576028622540251 0.055357142857142855 0.10196779964221825