16 0.15982142857142856 0.16994633273703041 0.15357142857142858 0.09660107334525939
67 0.7821428571428571 0.22093023255813954 0.16071428571428573 0.1449016100178891
67 0.775 0.7012522361359571 0.15714285714285714 0.148479427549195
67 0.29464285714285715 0.6753130590339893 0.16071428571428573 0.14311270125223613
33 0.14642857142857144 0.6762075134168157 0.1357142857142857 0.12343470483005367
33 0.6294642857142857 0.7021466905187835 0.13392857142857142 0.12701252236135957
67 0.29732142857142857 0.16994633273703041 0.12321428571428572 0.1001788908765653
33 0.6330357142857143 0.21377459749552774 0.1357142857142857 0.11449016100178891
38 0.4133928571428571 0.6699463327370304 0.0625 0.11270125223613596
38 0.9 0.22182468694096602 0.05892857142857143 0.11449016100178891
43 0.40267857142857144 0.16547406082289803 0.04642857142857143 0.07692307692307693
11 0.8901785714285714 0.6985688729874776 0.05714285714285714 0.11985688729874776