67 0.2830357142857143 0.20483005366726298 0.15892857142857142 0.15742397137745975
46 0.20625 0.6368515205724508 0.2571428571428571 0.13416815742397137
23 0.15089285714285713 0.20214669051878353 0.10357142857142858 0.1556350626118068
67 0.7678571428571429 0.6905187835420393 0.17142857142857143 0.1520572450805009
67 0.7526785714285714 0.21735241502683364 0.12678571428571428 0.10554561717352415
33 0.6098214285714286 0.6932021466905188 0.14642857142857144 0.13059033989266547
33 0.6383928571428571 0.26475849731663686 0.1125 0.09481216457960644
38 0.40267857142857144 0.20483005366726298 0.06428571428571428 0.12343470483005367
38 0.8919642857142858 0.686046511627907 0.06607142857142857 0.12343470483005367
59 0.37410714285714286 0.6082289803220036 0.07142857142857142 0.08944543828264759
38 0.8383928571428572 0.1779964221824687 0.04107142857142857 0.07692307692307693