86 0.6955357142857143 0.6431127012522362 0.24107142857142858 0.12164579606440072
33 0.6383928571428571 0.22540250447227192 0.1375 0.11985688729874776
33 0.13839285714285715 0.16905187835420393 0.13392857142857142 0.11985688729874776
67 0.7821428571428571 0.20930232558139536 0.15535714285714286 0.13237924865831843
67 0.26964285714285713 0.648479427549195 0.1732142857142857 0.1449016100178891
67 0.28125 0.16905187835420393 0.15357142857142858 0.14311270125223613
23 0.12767857142857142 0.6404293381037567 0.10892857142857143 0.12343470483005367
11 0.89375 0.19141323792486584 0.05714285714285714 0.1073345259391771
38 0.39017857142857143 0.16100178890876565 0.06607142857142857 0.11806797853309481
43 0.8696428571428572 0.6592128801431127 0.055357142857142855 0.08050089445438283
101 0.4035714285714286 0.6592128801431127 0.07142857142857142 0.1037567084078712