16 0.21696428571428572 0.17531305903398928 0.2 0.11270125223613596
33 0.6285714285714286 0.1887298747763864 0.14464285714285716 0.12343470483005367
67 0.29464285714285715 0.6663685152057245 0.1625 0.1556350626118068
67 0.7866071428571428 0.19320214669051877 0.16964285714285715 0.1520572450805009
33 0.6294642857142857 0.7164579606440071 0.11785714285714285 0.15384615384615385
33 0.14285714285714285 0.6717352415026834 0.1375 0.11985688729874776
41 0.9133928571428571 0.19409660107334525 0.06428571428571428 0.11270125223613596
67 0.76875 0.7227191413237924 0.15 0.16636851520572452
38 0.4205357142857143 0.6583184257602862 0.06607142857142857 0.12164579606440072
43 0.35982142857142857 0.18336314847942756 0.06428571428571428 0.09481216457960644
99 0.8723214285714286 0.7200357781753131 0.055357142857142855 0.14311270125223613