67 0.7642857142857142 0.19856887298747763 0.1767857142857143 0.15742397137745975
20 0.38839285714285715 0.18604651162790697 0.05 0.09302325581395349
67 0.29196428571428573 0.6636851520572451 0.15357142857142858 0.13237924865831843
67 0.7705357142857143 0.6940966010733453 0.13392857142857142 0.13237924865831843
23 0.61875 0.20304114490161002 0.11071428571428571 0.14669051878354203
33 0.14821428571428572 0.6762075134168157 0.13214285714285715 0.10912343470483005
67 0.29196428571428573 0.1771019677996422 0.12678571428571428 0.12343470483005367
33 0.6508928571428572 0.6592128801431127 0.10535714285714286 0.1037567084078712
33 0.175 0.16457960644007155 0.10714285714285714 0.1001788908765653
38 0.8919642857142858 0.19856887298747763 0.06964285714285715 0.11806797853309481
38 0.8714285714285714 0.7245080500894454 0.05357142857142857 0.08944543828264759
11 0.40189285714285716 0.6441323792486583 0.06208928571428572 0.11474060822898033