33 0.6258928571428571 0.684257602862254 0.14821428571428572 0.15026833631484796
67 0.29464285714285715 0.2003577817531306 0.16785714285714284 0.1592128801431127
67 0.29285714285714287 0.6726296958855098 0.1767857142857143 0.16815742397137745
67 0.7883928571428571 0.6815742397137746 0.1732142857142857 0.17531305903398928
23 0.6285714285714286 0.18783542039355994 0.09285714285714286 0.07513416815742398
33 0.13660714285714284 0.18694096601073346 0.14285714285714285 0.12701252236135957
33 0.125 0.669051878354204 0.15357142857142858 0.13059033989266547
67 0.7508928571428571 0.18783542039355994 0.14642857142857144 0.07871198568872988
41 0.8660714285714286 0.18694096601073346 0.05178571428571429 0.06082289803220036
38 0.42142857142857143 0.20214669051878353 0.06428571428571428 0.11627906976744186
38 0.91875 0.6779964221824687 0.07321428571428572 0.15026833631484796
38 0.42678571428571427 0.6699463327370304 0.07142857142857142 0.13416815742397137