33 0.16517857142857142 0.6699463327370304 0.175 0.1735241502683363
53 0.8767857142857143 0.1806797853309481 0.05714285714285714 0.09838998211091235
67 0.7544642857142857 0.6878354203935599 0.15 0.13774597495527727
23 0.6303571428571428 0.6869409660107334 0.10178571428571428 0.13416815742397137
67 0.3410714285714286 0.7137745974955277 0.16964285714285715 0.17531305903398928
67 0.7669642857142858 0.2003577817531306 0.15 0.12701252236135957
23 0.14285714285714285 0.19409660107334525 0.08928571428571429 0.09123434704830054
33 0.625 0.22450805008944544 0.13214285714285715 0.10912343470483005
67 0.25892857142857145 0.19141323792486584 0.1357142857142857 0.08407871198568873
38 0.8642857142857143 0.6869409660107334 0.060714285714285714 0.1073345259391771
59 0.3651785714285714 0.19051878354203935 0.05178571428571429 0.0626118067978533