67 0.3053571428571429 0.2110912343470483 0.15357142857142858 0.1520572450805009
55 0.15267857142857144 0.2298747763864043 0.15178571428571427 0.1520572450805009
67 0.7508928571428571 0.6386404293381037 0.14285714285714285 0.1449016100178891
67 0.29464285714285715 0.7128801431127012 0.16071428571428573 0.11270125223613596
23 0.63125 0.6815742397137746 0.10178571428571428 0.13774597495527727
67 0.7723214285714286 0.1735241502683363 0.14642857142857144 0.14669051878354203
33 0.14464285714285716 0.7128801431127012 0.1357142857142857 0.09660107334525939
33 0.6357142857142857 0.23971377459749552 0.12857142857142856 0.13774597495527727
38 0.4160714285714286 0.7119856887298748 0.05892857142857143 0.08765652951699464
38 0.8517857142857143 0.6064400715563506 0.05892857142857143 0.10912343470483005
45 0.41875 0.19767441860465115 0.06964285714285715 0.12880143112701253
45 0.8714285714285714 0.129695885509839 0.060714285714285714 0.10554561717352415