53 0.8991071428571429 0.22540250447227192 0.060714285714285714 0.1037567084078712
67 0.775 0.6940966010733453 0.15892857142857142 0.15384615384615385
33 0.6276785714285714 0.6905187835420393 0.13214285714285715 0.1252236135957066
67 0.2857142857142857 0.669051878354204 0.16607142857142856 0.15384615384615385
67 0.76875 0.2182468694096601 0.16785714285714284 0.13595706618962433
67 0.29732142857142857 0.2110912343470483 0.1732142857142857 0.15384615384615385
33 0.13482142857142856 0.20930232558139536 0.14642857142857144 0.1252236135957066
33 0.6125 0.19767441860465115 0.14107142857142857 0.1073345259391771
33 0.12946428571428573 0.6753130590339893 0.14464285714285716 0.12343470483005367
41 0.8964285714285715 0.6949910554561717 0.0625 0.11627906976744186
38 0.425 0.20572450805008943 0.06785714285714285 0.11806797853309481
38 0.40714285714285714 0.6592128801431127 0.06428571428571428 0.11806797853309481