11 0.8839285714285714 0.7298747763864043 0.07857142857142857 0.13774597495527727
47 0.7080357142857143 0.669051878354204 0.22857142857142856 0.18604651162790697
23 0.6178571428571429 0.15831842576028624 0.08928571428571429 0.12164579606440072
33 0.12946428571428573 0.682468694096601 0.15357142857142858 0.12880143112701253
67 0.7410714285714286 0.20304114490161002 0.15 0.15026833631484796
67 0.2839285714285714 0.24508050089445438 0.11607142857142858 0.12880143112701253
52 0.8607142857142858 0.24508050089445438 0.06428571428571428 0.1073345259391771
67 0.29642857142857143 0.6806797853309481 0.18214285714285713 0.1520572450805009
33 0.1767857142857143 0.21198568872987478 0.1 0.11270125223613596
20 0.425 0.6806797853309481 0.06964285714285715 0.11985688729874776
59 0.375 0.2737030411449016 0.05357142857142857 0.10196779964221825