54 0.6892857142857143 0.7066189624329159 0.2125 0.1735241502683363
67 0.29464285714285715 0.6833631484794276 0.17142857142857143 0.16100178890876565
67 0.3026785714285714 0.1967799642218247 0.17142857142857143 0.16815742397137745
33 0.14375 0.19141323792486584 0.14464285714285716 0.13595706618962433
67 0.7544642857142857 0.23166368515205724 0.15535714285714286 0.16815742397137745
33 0.13303571428571428 0.686046511627907 0.14642857142857144 0.1252236135957066
33 0.6125 0.1771019677996422 0.12857142857142856 0.14311270125223613
11 0.8705357142857143 0.2701252236135957 0.05892857142857143 0.11449016100178891
43 0.8151785714285714 0.6440071556350626 0.060714285714285714 0.06976744186046512
38 0.42232142857142857 0.6717352415026834 0.06428571428571428 0.11806797853309481
38 0.43125 0.19588550983899822 0.06607142857142857 0.13416815742397137