40 0.6982142857142857 0.19230769230769232 0.2017857142857143 0.12164579606440072
67 0.3410714285714286 0.684257602862254 0.18035714285714285 0.1592128801431127
33 0.16785714285714284 0.6815742397137746 0.1732142857142857 0.13953488372093023
67 0.7821428571428571 0.6940966010733453 0.1732142857142857 0.13774597495527727
67 0.28035714285714286 0.15652951699463327 0.14642857142857144 0.13953488372093023
33 0.6205357142857143 0.6851520572450805 0.14821428571428572 0.11806797853309481
99 0.10803571428571429 0.8103756708407871 0.0625 0.15026833631484796
33 0.14642857142857144 0.20661896243291591 0.14107142857142857 0.12164579606440072
59 0.8339285714285715 0.1556350626118068 0.060714285714285714 0.07871198568872988
38 0.9098214285714286 0.7048300536672629 0.06607142857142857 0.10912343470483005
92 0.37857142857142856 0.12254025044722719 0.0625 0.11627906976744186