85 0.5955357142857143 0.6958855098389982 0.11071428571428571 0.09481216457960644
20 0.8401785714285714 0.6932021466905188 0.044642857142857144 0.08586762075134168
55 0.21607142857142858 0.17978533094812166 0.15 0.09838998211091235
67 0.7160714285714286 0.6923076923076923 0.125 0.10196779964221825
67 0.28035714285714286 0.7155635062611807 0.17142857142857143 0.13237924865831843
67 0.78125 0.21556350626118068 0.12678571428571428 0.13953488372093023
33 0.12232142857142857 0.7110912343470484 0.1392857142857143 0.11449016100178891
33 0.6571428571428571 0.2039355992844365 0.11964285714285715 0.12343470483005367
38 0.4089285714285714 0.7155635062611807 0.0625 0.1001788908765653
59 0.33839285714285716 0.17531305903398928 0.05714285714285714 0.07334525939177101
11 0.8714285714285714 0.21735241502683364 0.05357142857142857 0.1073345259391771