47 0.6839285714285714 0.6440071556350626 0.18035714285714285 0.12164579606440072
33 0.11517857142857142 0.21288014311270126 0.16428571428571428 0.12701252236135957
33 0.14285714285714285 0.6762075134168157 0.14285714285714285 0.13416815742397137
67 0.2982142857142857 0.2110912343470483 0.2 0.1449016100178891
99 0.44107142857142856 0.19767441860465115 0.07142857142857142 0.13237924865831843
67 0.30178571428571427 0.6806797853309481 0.16607142857142856 0.1592128801431127
67 0.7785714285714286 0.2075134168157424 0.1392857142857143 0.13774597495527727
38 0.42678571428571427 0.6735241502683363 0.06428571428571428 0.1252236135957066
33 0.6482142857142857 0.23166368515205724 0.12142857142857143 0.12164579606440072
43 0.8375 0.669051878354204 0.05892857142857143 0.09660107334525939
45 0.875 0.1887298747763864 0.0625 0.11627906976744186