95 0.6901785714285714 0.1511627906976744 0.29642857142857143 0.13237924865831843
55 0.6339285714285714 0.7200357781753131 0.16071428571428573 0.14669051878354203
67 0.7919642857142857 0.6708407871198568 0.1625 0.14669051878354203
67 0.25535714285714284 0.1887298747763864 0.08571428571428572 0.08765652951699464
23 0.1875 0.19230769230769232 0.055357142857142855 0.08407871198568873
33 0.16517857142857142 0.6529516994633273 0.10178571428571428 0.08050089445438283
67 0.2767857142857143 0.6771019677996423 0.125 0.10196779964221825
99 0.9026785714285714 0.6377459749552773 0.055357142857142855 0.13416815742397137
38 0.3151785714285714 0.18336314847942756 0.033928571428571426 0.06797853309481217
38 0.37142857142857144 0.6878354203935599 0.05 0.07334525939177101
43 0.89375 0.1404293381037567 0.06607142857142857 0.09660107334525939