86 0.7053571428571429 0.6994633273703041 0.2642857142857143 0.12701252236135957
23 0.63125 0.1556350626118068 0.0875 0.1592128801431127
31 0.8401785714285714 0.16279069767441862 0.06964285714285715 0.1449016100178891
67 0.7321428571428571 0.1592128801431127 0.11785714285714285 0.16100178890876565
67 0.29910714285714285 0.6940966010733453 0.15892857142857142 0.13595706618962433
33 0.15178571428571427 0.7021466905187835 0.1392857142857143 0.11806797853309481
11 0.91875 0.7021466905187835 0.05714285714285714 0.08765652951699464
67 0.15803571428571428 0.22450805008944544 0.10178571428571428 0.148479427549195
38 0.4160714285714286 0.6878354203935599 0.060714285714285714 0.1073345259391771
99 0.07678571428571429 0.21914132379248658 0.06428571428571428 0.16815742397137745
23 0.075 0.21377459749552774 0.06428571428571428 0.16100178890876565
30 0.23725000000000002 0.2312880143112701 0.07142857142857142 0.11500894454382828