104 0.18303571428571427 0.7137745974955277 0.20714285714285716 0.12880143112701253
85 0.65625 0.6511627906976745 0.06428571428571428 0.1073345259391771
67 0.7258928571428571 0.6493738819320215 0.07678571428571429 0.10554561717352415
67 0.7839285714285714 0.2262969588550984 0.15 0.16457960644007155
33 0.64375 0.2182468694096601 0.12678571428571428 0.13237924865831843
67 0.3151785714285714 0.2075134168157424 0.13214285714285715 0.12701252236135957
38 0.9017857142857143 0.23434704830053668 0.0625 0.12343470483005367
41 0.41517857142857145 0.22450805008944544 0.055357142857142855 0.09481216457960644
43 0.35982142857142857 0.7057245080500895 0.05178571428571429 0.09481216457960644
33 0.19375 0.18783542039355994 0.11071428571428571 0.10554561717352415
20 0.7955357142857142 0.6511627906976745 0.033928571428571426 0.09660107334525939