89 0.21696428571428572 0.16636851520572452 0.18035714285714285 0.11449016100178891
67 0.7803571428571429 0.21288014311270126 0.15178571428571427 0.1449016100178891
67 0.7508928571428571 0.6762075134168157 0.15357142857142858 0.13595706618962433
33 0.6125 0.7441860465116279 0.14285714285714285 0.12880143112701253
95 0.2625 0.6779964221824687 0.125 0.1520572450805009
33 0.6366071428571428 0.20304114490161002 0.14464285714285716 0.13059033989266547
11 0.35535714285714287 0.684257602862254 0.04107142857142857 0.11449016100178891
43 0.36160714285714285 0.1556350626118068 0.05357142857142857 0.09123434704830054
71 0.8866071428571428 0.22361359570661896 0.05714285714285714 0.12343470483005367
11 0.8866071428571428 0.22271914132379247 0.055357142857142855 0.12343470483005367
38 0.8553571428571428 0.6225402504472272 0.06964285714285715 0.10196779964221825