67 0.7767857142857143 0.1967799642218247 0.15714285714285714 0.148479427549195
33 0.15 0.2039355992844365 0.125 0.14311270125223613
33 0.6098214285714286 0.7066189624329159 0.15357142857142858 0.12701252236135957
33 0.6285714285714286 0.19499105545617174 0.1357142857142857 0.11806797853309481
67 0.7803571428571429 0.6851520572450805 0.18214285714285713 0.15742397137745975
67 0.3098214285714286 0.6574239713774598 0.18928571428571428 0.16994633273703041
52 0.45089285714285715 0.6270125223613596 0.075 0.13416815742397137
67 0.28660714285714284 0.23434704830053668 0.14642857142857144 0.16279069767441862
33 0.13392857142857142 0.6967799642218246 0.16607142857142856 0.13774597495527727
38 0.9098214285714286 0.6654740608228981 0.060714285714285714 0.12164579606440072
99 0.3875 0.24776386404293382 0.060714285714285714 0.13059033989266547
38 0.89375 0.19409660107334525 0.060714285714285714 0.11091234347048301