16 0.6303571428571428 0.1520572450805009 0.16785714285714284 0.10196779964221825
67 0.3098214285714286 0.6645796064400715 0.15 0.18962432915921287
99 0.41160714285714284 0.646690518783542 0.0625 0.18962432915921287
33 0.14285714285714285 0.22361359570661896 0.14285714285714285 0.1252236135957066
67 0.3053571428571429 0.22808586762075134 0.175 0.15384615384615385
33 0.14642857142857144 0.6574239713774598 0.15535714285714286 0.16100178890876565
67 0.74375 0.667262969588551 0.11607142857142858 0.08050089445438283
67 0.7821428571428571 0.16994633273703041 0.1357142857142857 0.1073345259391771
33 0.6339285714285714 0.6681574239713775 0.09821428571428571 0.07334525939177101
38 0.83125 0.6601073345259392 0.04107142857142857 0.06440071556350627
43 0.9026785714285714 0.18336314847942756 0.044642857142857144 0.07692307692307693
38 0.43125 0.21645796064400716 0.06607142857142857 0.1252236135957066