57 0.6955357142857143 0.15384615384615385 0.26071428571428573 0.13237924865831843
67 0.2955357142857143 0.2110912343470483 0.15535714285714286 0.148479427549195
67 0.7705357142857143 0.7075134168157424 0.16785714285714284 0.1592128801431127
33 0.15089285714285713 0.21556350626118068 0.13035714285714287 0.11806797853309481
67 0.3053571428571429 0.6932021466905188 0.16071428571428573 0.17531305903398928
33 0.6125 0.682468694096601 0.14464285714285716 0.13953488372093023
38 0.4107142857142857 0.2039355992844365 0.05892857142857143 0.11091234347048301
33 0.15178571428571427 0.7021466905187835 0.14642857142857144 0.1735241502683363
38 0.8973214285714286 0.7245080500894454 0.06607142857142857 0.1252236135957066
59 0.8857142857142857 0.1511627906976744 0.07142857142857142 0.09660107334525939
38 0.4298392857142857 0.6976744186046512 0.05867857142857143 0.17889087656529518