60 0.6839285714285714 0.6440071556350626 0.21428571428571427 0.1413237924865832
67 0.3026785714285714 0.20840787119856888 0.16071428571428573 0.15742397137745975
33 0.6375 0.13416815742397137 0.1392857142857143 0.14669051878354203
67 0.2741071428571429 0.6744186046511628 0.16428571428571428 0.15026833631484796
67 0.7857142857142857 0.2182468694096601 0.16964285714285715 0.1806797853309481
31 0.42410714285714285 0.21556350626118068 0.06964285714285715 0.12164579606440072
33 0.12321428571428572 0.6735241502683363 0.1375 0.11806797853309481
33 0.15446428571428572 0.18425760286225404 0.1357142857142857 0.13237924865831843
38 0.39553571428571427 0.6708407871198568 0.06607142857142857 0.11627906976744186
98 0.9125 0.29338103756708406 0.07142857142857142 0.1252236135957066
59 0.8366071428571429 0.6422182468694096 0.060714285714285714 0.08407871198568873