18 0.18928571428571428 0.1779964221824687 0.15357142857142858 0.16636851520572452
23 0.68125 0.1779964221824687 0.05357142857142857 0.12701252236135957
23 0.6267857142857143 0.723613595706619 0.10714285714285714 0.13237924865831843
67 0.3142857142857143 0.6717352415026834 0.15535714285714286 0.1592128801431127
99 0.4276785714285714 0.6493738819320215 0.06607142857142857 0.1252236135957066
67 0.7491071428571429 0.6851520572450805 0.14107142857142857 0.13416815742397137
31 0.8008928571428572 0.18246869409660108 0.04285714285714286 0.11806797853309481
98 0.31875 0.148479427549195 0.06785714285714285 0.19856887298747763
67 0.7392857142857143 0.1771019677996422 0.06964285714285715 0.12343470483005367
33 0.15892857142857142 0.6976744186046512 0.14642857142857144 0.1413237924865832
38 0.8464285714285714 0.6583184257602862 0.05714285714285714 0.11091234347048301