83 0.6964285714285714 0.18336314847942756 0.2767857142857143 0.12164579606440072
67 0.29375 0.682468694096601 0.17857142857142858 0.15026833631484796
33 0.12589285714285714 0.6726296958855098 0.15357142857142858 0.1252236135957066
67 0.7848214285714286 0.6753130590339893 0.15892857142857142 0.14669051878354203
67 0.2982142857142857 0.20304114490161002 0.17142857142857143 0.15384615384615385
33 0.14017857142857143 0.20214669051878353 0.14642857142857144 0.13237924865831843
33 0.6375 0.7048300536672629 0.14107142857142857 0.12880143112701253
38 0.43125 0.684257602862254 0.06428571428571428 0.12343470483005367
59 0.8875 0.16815742397137745 0.055357142857142855 0.07871198568872988
45 0.9008928571428572 0.6520572450805009 0.06607142857142857 0.11449016100178891
53 0.42589285714285713 0.18962432915921287 0.06785714285714285 0.12343470483005367