75 0.21339285714285713 0.667262969588551 0.19107142857142856 0.1556350626118068
92 0.3580357142857143 0.6753130590339893 0.04642857142857143 0.11449016100178891
55 0.6035714285714285 0.17531305903398928 0.17142857142857143 0.15026833631484796
67 0.7776785714285714 0.16636851520572452 0.17857142857142858 0.17173524150268335
67 0.26339285714285715 0.20840787119856888 0.13214285714285715 0.1037567084078712
67 0.7339285714285714 0.669051878354204 0.13392857142857142 0.10912343470483005
33 0.6098214285714286 0.6654740608228981 0.11607142857142858 0.09481216457960644
33 0.14017857142857143 0.20661896243291591 0.1125 0.08765652951699464
38 0.3625 0.2075134168157424 0.05 0.08228980322003578
38 0.9053571428571429 0.16279069767441862 0.08035714285714286 0.1413237924865832
38 0.8330357142857143 0.667262969588551 0.05 0.08407871198568873