67 0.34464285714285714 0.6663685152057245 0.16607142857142856 0.19499105545617174
55 0.17767857142857144 0.6833631484794276 0.1767857142857143 0.1771019677996422
67 0.7821428571428571 0.21556350626118068 0.15178571428571427 0.13774597495527727
67 0.7776785714285714 0.6788908765652951 0.175 0.1592128801431127
33 0.6151785714285715 0.6797853309481217 0.14464285714285716 0.1252236135957066
33 0.6383928571428571 0.20214669051878353 0.1375 0.12164579606440072
67 0.29732142857142857 0.22898032200357782 0.17142857142857143 0.16815742397137745
33 0.13660714285714284 0.18962432915921287 0.14285714285714285 0.14311270125223613
38 0.8982142857142857 0.21914132379248658 0.05714285714285714 0.1037567084078712
38 0.42857142857142855 0.2522361359570662 0.06785714285714285 0.11627906976744186
38 0.9071428571428571 0.6735241502683363 0.0625 0.11091234347048301