89 0.6553571428571429 0.20661896243291591 0.1392857142857143 0.1592128801431127
95 0.21607142857142858 0.6440071556350626 0.29642857142857143 0.13774597495527727
67 0.7660714285714286 0.6932021466905188 0.15178571428571427 0.17173524150268335
67 0.3 0.18336314847942756 0.15535714285714286 0.1413237924865832
33 0.15 0.2334525939177102 0.14642857142857144 0.12701252236135957
59 0.4205357142857143 0.6502683363148479 0.06607142857142857 0.09123434704830054
33 0.6214285714285714 0.6896243291592129 0.13035714285714287 0.1520572450805009
20 0.8767857142857143 0.6878354203935599 0.05892857142857143 0.1413237924865832
71 0.7723214285714286 0.19767441860465115 0.05 0.12164579606440072
38 0.40714285714285714 0.1511627906976744 0.05714285714285714 0.10196779964221825
92 0.7714285714285715 0.19767441860465115 0.05 0.12164579606440072