50 0.7169642857142857 0.19141323792486584 0.19285714285714287 0.148479427549195
67 0.3026785714285714 0.23076923076923078 0.15178571428571427 0.148479427549195
81 0.8678571428571429 0.20125223613595708 0.05 0.11091234347048301
67 0.3026785714285714 0.6788908765652951 0.175 0.16636851520572452
55 0.15357142857142858 0.24508050089445438 0.14642857142857144 0.1449016100178891
33 0.14375 0.6744186046511628 0.14464285714285716 0.13774597495527727
67 0.7892857142857143 0.6878354203935599 0.18392857142857144 0.1449016100178891
33 0.6223214285714286 0.7441860465116279 0.16428571428571428 0.13059033989266547
38 0.9205357142857142 0.644901610017889 0.06428571428571428 0.11270125223613596
38 0.43214285714285716 0.6815742397137746 0.06607142857142857 0.13416815742397137
99 0.4133928571428571 0.21645796064400716 0.0625 0.11985688729874776