94 0.6580357142857143 0.6833631484794276 0.16964285714285715 0.15026833631484796
97 0.21607142857142858 0.16189624329159213 0.16785714285714284 0.09660107334525939
17 0.7857142857142857 0.22808586762075134 0.0375 0.055456171735241505
67 0.30178571428571427 0.6815742397137746 0.18035714285714285 0.15742397137745975
33 0.12946428571428573 0.7128801431127012 0.16071428571428573 0.13237924865831843
38 0.43125 0.6583184257602862 0.06785714285714285 0.13237924865831843
59 0.7973214285714286 0.6779964221824687 0.05714285714285714 0.1037567084078712
43 0.3419642857142857 0.1708407871198569 0.04642857142857143 0.06976744186046512
67 0.7232142857142857 0.22003577817531306 0.08571428571428572 0.06976744186046512
33 0.6517857142857143 0.20930232558139536 0.06428571428571428 0.059033989266547404
33 0.6928571428571428 0.2146690518783542 0.15 0.06797853309481217