33 0.6589285714285714 0.6610017889087657 0.17142857142857143 0.15384615384615385
67 0.8375 0.6771019677996423 0.18928571428571428 0.19141323792486584
67 0.7883928571428571 0.2110912343470483 0.1767857142857143 0.13953488372093023
67 0.28482142857142856 0.18962432915921287 0.15178571428571427 0.11627906976744186
20 0.3982142857142857 0.1851520572450805 0.048214285714285716 0.08586762075134168
33 0.6214285714285714 0.21556350626118068 0.15178571428571427 0.11270125223613596
99 0.6008928571428571 0.8112701252236136 0.06428571428571428 0.16100178890876565
33 0.14375 0.18694096601073346 0.12857142857142856 0.1001788908765653
17 0.30892857142857144 0.6869409660107334 0.04107142857142857 0.0626118067978533
67 0.22767857142857142 0.6923076923076923 0.10535714285714286 0.07871198568872988
38 0.9214285714285714 0.20125223613595708 0.0625 0.10912343470483005
33 0.12946428571428573 0.6923076923076923 0.09107142857142857 0.07334525939177101