64 0.6982142857142857 0.7119856887298748 0.1392857142857143 0.13416815742397137
67 0.29375 0.20483005366726298 0.1732142857142857 0.16636851520572452
33 0.66875 0.240608228980322 0.1732142857142857 0.18783542039355994
30 0.8133928571428571 0.7075134168157424 0.04107142857142857 0.10912343470483005
33 0.13392857142857142 0.20214669051878353 0.14464285714285716 0.13237924865831843
33 0.14375 0.6565295169946332 0.13035714285714287 0.11806797853309481
67 0.28482142857142856 0.6601073345259392 0.15714285714285714 0.13237924865831843
20 0.39732142857142855 0.6618962432915921 0.05892857142857143 0.1037567084078712
67 0.8330357142857143 0.20930232558139536 0.16071428571428573 0.2003577817531306
38 0.41964285714285715 0.20304114490161002 0.06607142857142857 0.13237924865831843
67 0.8330357142857143 0.20304114490161002 0.16071428571428573 0.18783542039355994
71 0.6092142857142857 0.41511627906976745 0.06410714285714285 0.13375670840787118