54 0.7678571428571429 0.19767441860465115 0.35892857142857143 0.16100178890876565
67 0.7758928571428572 0.682468694096601 0.16607142857142856 0.15384615384615385
67 0.29732142857142857 0.6815742397137746 0.16964285714285715 0.16279069767441862
33 0.6205357142857143 0.6815742397137746 0.1357142857142857 0.1252236135957066
33 0.14017857142857143 0.6771019677996423 0.14107142857142857 0.13237924865831843
67 0.25535714285714284 0.18783542039355994 0.08571428571428572 0.08765652951699464
23 0.1875 0.19051878354203935 0.055357142857142855 0.08765652951699464
43 0.6053571428571428 0.3443649373881932 0.06785714285714285 0.10196779964221825
38 0.42589285714285713 0.6753130590339893 0.06428571428571428 0.12880143112701253
38 0.9 0.6753130590339893 0.06428571428571428 0.1252236135957066
38 0.3151785714285714 0.18336314847942756 0.033928571428571426 0.06797853309481217