21 0.19553571428571428 0.16010733452593917 0.12142857142857143 0.19320214669051877
67 0.7857142857142857 0.2003577817531306 0.18214285714285713 0.14669051878354203
67 0.8169642857142857 0.7155635062611807 0.13214285714285715 0.1037567084078712
33 0.6205357142857143 0.20214669051878353 0.15714285714285714 0.1252236135957066
67 0.25357142857142856 0.7066189624329159 0.07857142857142857 0.07692307692307693
43 0.6214285714285714 0.7933810375670841 0.05892857142857143 0.08765652951699464
16 0.6714285714285714 0.7066189624329159 0.15535714285714286 0.1037567084078712
20 0.9116071428571428 0.19946332737030412 0.06964285714285715 0.11091234347048301
33 0.17946428571428572 0.7101967799642218 0.06607142857142857 0.06618962432915922
38 0.3098214285714286 0.7003577817531306 0.033928571428571426 0.0626118067978533
103 0.29216071428571433 0.11420393559928445 0.05357142857142857 0.1806797853309481