16 0.7026785714285714 0.18783542039355994 0.1875 0.10196779964221825
23 0.5723214285714285 0.6359570661896243 0.09285714285714286 0.11449016100178891
67 0.2982142857142857 0.669051878354204 0.15535714285714286 0.13953488372093023
31 0.8366071428571429 0.6404293381037567 0.06785714285714285 0.09481216457960644
67 0.69375 0.6395348837209303 0.14285714285714285 0.11449016100178891
99 0.41696428571428573 0.6529516994633273 0.0625 0.11627906976744186
67 0.2794642857142857 0.18425760286225404 0.15178571428571427 0.10554561717352415
33 0.15178571428571427 0.6726296958855098 0.1357142857142857 0.11270125223613596
33 0.13839285714285715 0.18246869409660108 0.13035714285714287 0.09302325581395349
43 0.39375 0.18694096601073346 0.05357142857142857 0.08765652951699464
43 0.8348214285714286 0.18336314847942756 0.05357142857142857 0.08228980322003578