82 0.2125 0.16636851520572452 0.18571428571428572 0.11449016100178891
79 0.21071428571428572 0.7039355992844365 0.18035714285714285 0.15384615384615385
48 0.3482142857142857 0.7057245080500895 0.04642857142857143 0.11091234347048301
67 0.7839285714285714 0.686046511627907 0.17142857142857143 0.15384615384615385
33 0.625 0.6815742397137746 0.14285714285714285 0.1252236135957066
67 0.7857142857142857 0.19230769230769232 0.18928571428571428 0.15384615384615385
33 0.6026785714285714 0.26028622540250446 0.17857142857142858 0.13595706618962433
38 0.9125 0.6806797853309481 0.06428571428571428 0.12164579606440072
59 0.3607142857142857 0.14937388193202147 0.06785714285714285 0.08944543828264759
41 0.9196428571428571 0.1449016100178891 0.07142857142857142 0.12164579606440072
53 0.9205357142857142 0.1449016100178891 0.06964285714285715 0.12164579606440072
62 0.9205357142857142 0.14579606440071557 0.07142857142857142 0.12164579606440072