55 0.1705357142857143 0.6556350626118068 0.1732142857142857 0.1520572450805009
67 0.3392857142857143 0.6645796064400715 0.16785714285714284 0.16457960644007155
67 0.30089285714285713 0.20661896243291591 0.175 0.16636851520572452
33 0.13214285714285715 0.20661896243291591 0.15535714285714286 0.13595706618962433
67 0.7758928571428572 0.6976744186046512 0.1732142857142857 0.1806797853309481
33 0.61875 0.6350626118067979 0.14285714285714285 0.15384615384615385
33 0.6133928571428572 0.22808586762075134 0.14821428571428572 0.11985688729874776
67 0.7794642857142857 0.2003577817531306 0.17857142857142858 0.13953488372093023
99 0.13125 0.776386404293381 0.07142857142857142 0.1556350626118068
38 0.4348214285714286 0.20125223613595708 0.06785714285714285 0.12164579606440072
38 0.9071428571428571 0.7370304114490162 0.075 0.11985688729874776
38 0.9116071428571428 0.17620751341681573 0.06785714285714285 0.10554561717352415