78 0.7044642857142858 0.1967799642218247 0.21785714285714286 0.12164579606440072
67 0.2910714285714286 0.1779964221824687 0.17142857142857143 0.1520572450805009
67 0.29732142857142857 0.7137745974955277 0.15178571428571427 0.14311270125223613
38 0.4133928571428571 0.15295169946332737 0.06785714285714285 0.11806797853309481
33 0.15803571428571428 0.7012522361359571 0.13035714285714287 0.12164579606440072
67 0.7571428571428571 0.6779964221824687 0.1392857142857143 0.09481216457960644
33 0.6348214285714285 0.7137745974955277 0.12678571428571428 0.09302325581395349
38 0.40625 0.721824686940966 0.0625 0.11091234347048301
43 0.8571428571428571 0.6538461538461539 0.05 0.07155635062611806
52 0.8598214285714286 0.20661896243291591 0.04285714285714286 0.08765652951699464
23 0.14821428571428572 0.21645796064400716 0.11964285714285715 0.1592128801431127
23 0.14732142857142858 0.21556350626118068 0.11785714285714285 0.15742397137745975