67 0.7919642857142857 0.24150268336314848 0.16071428571428573 0.148479427549195
67 0.7803571428571429 0.7084078711985689 0.15357142857142858 0.15742397137745975
67 0.30357142857142855 0.2370304114490161 0.16607142857142856 0.15742397137745975
33 0.6392857142857142 0.7101967799642218 0.13214285714285715 0.13237924865831843
33 0.15267857142857144 0.19409660107334525 0.13214285714285715 0.12880143112701253
33 0.64375 0.23255813953488372 0.13214285714285715 0.13416815742397137
11 0.8928571428571429 0.7084078711985689 0.05714285714285714 0.12164579606440072
62 0.4294642857142857 0.2710196779964222 0.06428571428571428 0.10912343470483005
38 0.9089285714285714 0.240608228980322 0.060714285714285714 0.11270125223613596
33 0.24196428571428572 0.8228980322003577 0.08214285714285714 0.055456171735241505
47 0.24642857142857144 0.8255813953488372 0.09821428571428571 0.057245080500894455
41 0.4294642857142857 0.2710196779964222 0.06428571428571428 0.10912343470483005