97 0.7026785714285714 0.20304114490161002 0.19464285714285715 0.14669051878354203
97 0.6928571428571428 0.6958855098389982 0.13035714285714287 0.10554561717352415
67 0.2982142857142857 0.6896243291592129 0.16607142857142856 0.14311270125223613
33 0.13660714285714284 0.1851520572450805 0.14464285714285716 0.1413237924865832
33 0.14285714285714285 0.6869409660107334 0.14107142857142857 0.11806797853309481
67 0.2955357142857143 0.20483005366726298 0.1767857142857143 0.17889087656529518
38 0.4232142857142857 0.22182468694096602 0.07678571428571429 0.12880143112701253
59 0.7857142857142857 0.6940966010733453 0.04642857142857143 0.08407871198568873
59 0.8383928571428572 0.1851520572450805 0.06607142857142857 0.08944543828264759
41 0.42410714285714285 0.6806797853309481 0.0625 0.11091234347048301
43 0.8392857142857143 0.1851520572450805 0.06785714285714285 0.09123434704830054
38 0.42410714285714285 0.6806797853309481 0.060714285714285714 0.10912343470483005