71 0.41785714285714287 0.17173524150268335 0.06785714285714285 0.13237924865831843
33 0.1455357142857143 0.1779964221824687 0.1732142857142857 0.13774597495527727
67 0.7767857142857143 0.19230769230769232 0.16607142857142856 0.1413237924865832
67 0.30357142857142855 0.6404293381037567 0.2 0.1735241502683363
33 0.12142857142857143 0.6994633273703041 0.1767857142857143 0.1520572450805009
33 0.6232142857142857 0.1779964221824687 0.1375 0.11449016100178891
67 0.7660714285714286 0.6654740608228981 0.15535714285714286 0.1252236135957066
33 0.6223214285714286 0.6663685152057245 0.13035714285714287 0.10554561717352415
67 0.3098214285714286 0.1708407871198569 0.15714285714285714 0.14669051878354203
20 0.8785714285714286 0.6654740608228981 0.055357142857142855 0.09660107334525939
38 0.9044642857142857 0.20125223613595708 0.0625 0.1037567084078712
38 0.44375 0.6028622540250447 0.07857142857142857 0.13774597495527727