16 0.19375 0.6547406082289803 0.20535714285714285 0.18783542039355994
55 0.6848214285714286 0.23076923076923078 0.13035714285714287 0.11270125223613596
67 0.7508928571428571 0.6797853309481217 0.16428571428571428 0.15384615384615385
33 0.1375 0.1851520572450805 0.14464285714285716 0.13774597495527727
67 0.8107142857142857 0.20572450805008943 0.12678571428571428 0.1073345259391771
67 0.29642857142857143 0.2075134168157424 0.1732142857142857 0.16815742397137745
23 0.6133928571428572 0.6779964221824687 0.10714285714285714 0.15026833631484796
38 0.8732142857142857 0.6815742397137746 0.06785714285714285 0.1252236135957066
71 0.3464285714285714 0.6654740608228981 0.060714285714285714 0.14669051878354203
43 0.6544642857142857 0.33899821109123435 0.06607142857142857 0.09481216457960644
59 0.3455357142857143 0.6654740608228981 0.0625 0.148479427549195
38 0.425 0.21914132379248658 0.07142857142857142 0.1252236135957066