67 0.7839285714285714 0.20483005366726298 0.1732142857142857 0.1556350626118068
67 0.79375 0.6493738819320215 0.20357142857142857 0.15026833631484796
33 0.6214285714285714 0.2003577817531306 0.14821428571428572 0.12343470483005367
33 0.6053571428571428 0.7119856887298748 0.18214285714285713 0.13237924865831843
38 0.9133928571428571 0.20214669051878353 0.06428571428571428 0.11627906976744186
38 0.9410714285714286 0.6091234347048301 0.07142857142857142 0.11627906976744186
70 0.22589285714285715 0.19946332737030412 0.20714285714285716 0.12880143112701253
59 0.3580357142857143 0.1440071556350626 0.05 0.06082289803220036
67 0.22142857142857142 0.7155635062611807 0.14464285714285716 0.13953488372093023
46 0.22589285714285715 0.19856887298747763 0.20892857142857144 0.13059033989266547
59 0.21555357142857143 0.8446153846153845 0.10969642857142857 0.07923076923076923