67 0.3098214285714286 0.682468694096601 0.16964285714285715 0.148479427549195
33 0.6321428571428571 0.2110912343470483 0.14821428571428572 0.1252236135957066
33 0.13214285714285715 0.22450805008944544 0.14821428571428572 0.13774597495527727
33 0.15178571428571427 0.7021466905187835 0.14642857142857144 0.13953488372093023
67 0.7910714285714285 0.2101967799642218 0.16785714285714284 0.1449016100178891
67 0.29732142857142857 0.22182468694096602 0.1767857142857143 0.15742397137745975
67 0.8401785714285714 0.6538461538461539 0.14642857142857144 0.16100178890876565
38 0.9160714285714285 0.2110912343470483 0.06428571428571428 0.11449016100178891
38 0.4276785714285714 0.21288014311270126 0.06785714285714285 0.11985688729874776
38 0.4330357142857143 0.6744186046511628 0.0625 0.13237924865831843
67 0.6732142857142858 0.6869409660107334 0.18035714285714285 0.1520572450805009
33 0.6714285714285714 0.6878354203935599 0.17857142857142858 0.15384615384615385