81 0.6508928571428572 0.8237924865831843 0.10357142857142858 0.13595706618962433
23 0.65 0.6762075134168157 0.1392857142857143 0.16815742397137745
67 0.29464285714285715 0.6994633273703041 0.16071428571428573 0.148479427549195
67 0.8089285714285714 0.6556350626118068 0.18392857142857144 0.16636851520572452
33 0.14642857142857144 0.6949910554561717 0.1357142857142857 0.1252236135957066
67 0.2839285714285714 0.2003577817531306 0.16964285714285715 0.15026833631484796
33 0.13035714285714287 0.19409660107334525 0.1375 0.13237924865831843
38 0.41785714285714287 0.7012522361359571 0.0625 0.11985688729874776
59 0.7982142857142858 0.20483005366726298 0.07321428571428572 0.10912343470483005
37 0.6883928571428571 0.2334525939177102 0.1392857142857143 0.13416815742397137
37 0.6875 0.23434704830053668 0.14285714285714285 0.13059033989266547
103 0.41964285714285715 0.20955277280858675 0.08417857142857144 0.14311270125223613