67 0.30625 0.20572450805008943 0.18214285714285713 0.14669051878354203
67 0.7785714285714286 0.17531305903398928 0.14642857142857144 0.1252236135957066
67 0.3053571428571429 0.7110912343470484 0.15535714285714286 0.12701252236135957
33 0.6375 0.23076923076923078 0.14285714285714285 0.1252236135957066
33 0.13660714285714284 0.2620751341681574 0.16428571428571428 0.12880143112701253
43 0.6589285714285714 0.8470483005366727 0.06964285714285715 0.1037567084078712
33 0.16517857142857142 0.6699463327370304 0.13214285714285715 0.10912343470483005
38 0.4375 0.16279069767441862 0.06785714285714285 0.11091234347048301
49 0.7517857142857143 0.6896243291592129 0.26964285714285713 0.15026833631484796
43 0.4232142857142857 0.7432915921288015 0.05178571428571429 0.09302325581395349
43 0.8794642857142857 0.13416815742397137 0.05714285714285714 0.09660107334525939