65 0.17767857142857144 0.6332737030411449 0.22678571428571428 0.11270125223613596
67 0.7839285714285714 0.6869409660107334 0.1767857142857143 0.16279069767441862
35 0.3535714285714286 0.6386404293381037 0.044642857142857144 0.08586762075134168
33 0.6214285714285714 0.6940966010733453 0.14642857142857144 0.13059033989266547
67 0.7901785714285714 0.16457960644007155 0.16607142857142856 0.1449016100178891
33 0.6383928571428571 0.1708407871198569 0.1392857142857143 0.11806797853309481
67 0.2982142857142857 0.18962432915921287 0.14642857142857144 0.13237924865831843
33 0.15535714285714286 0.19320214669051877 0.14107142857142857 0.12343470483005367
38 0.9142857142857143 0.6779964221824687 0.06607142857142857 0.12701252236135957
38 0.9107142857142857 0.1592128801431127 0.05714285714285714 0.11627906976744186
20 0.40189285714285716 0.19565295169946334 0.03033928571428571 0.12415026833631486