67 0.2839285714285714 0.682468694096601 0.14821428571428572 0.13953488372093023
67 0.7830357142857143 0.6976744186046512 0.175 0.1806797853309481
33 0.61875 0.6958855098389982 0.15178571428571427 0.14669051878354203
33 0.14642857142857144 0.6869409660107334 0.125 0.11985688729874776
67 0.29017857142857145 0.22271914132379247 0.15714285714285714 0.14669051878354203
33 0.1455357142857143 0.20661896243291591 0.13392857142857142 0.13237924865831843
11 0.4017857142857143 0.23434704830053668 0.05892857142857143 0.11806797853309481
67 0.8098214285714286 0.19499105545617174 0.1767857142857143 0.16457960644007155
33 0.6375 0.2110912343470483 0.1732142857142857 0.1449016100178891
38 0.39375 0.6788908765652951 0.05892857142857143 0.11270125223613596
38 0.9116071428571428 0.6887298747763864 0.06607142857142857 0.13774597495527727
38 0.9330357142857143 0.18246869409660108 0.08214285714285714 0.13416815742397137