33 0.1419642857142857 0.7012522361359571 0.14107142857142857 0.1252236135957066
67 0.2982142857142857 0.6887298747763864 0.16964285714285715 0.15026833631484796
67 0.28214285714285714 0.22093023255813954 0.2017857142857143 0.16815742397137745
33 0.10267857142857142 0.16905187835420393 0.15357142857142858 0.1413237924865832
67 0.8276785714285714 0.6592128801431127 0.23392857142857143 0.17889087656529518
33 0.61875 0.7164579606440071 0.19285714285714287 0.1556350626118068
46 0.7035714285714286 0.2039355992844365 0.26964285714285713 0.11449016100178891
38 0.425 0.6806797853309481 0.06428571428571428 0.1252236135957066
43 0.5651785714285714 0.8604651162790697 0.07142857142857142 0.1037567084078712
43 0.8857142857142857 0.1806797853309481 0.06428571428571428 0.08050089445438283
38 0.43125 0.2558139534883721 0.08035714285714286 0.11985688729874776