67 0.3053571428571429 0.6940966010733453 0.1732142857142857 0.16279069767441862
33 0.1455357142857143 0.6896243291592129 0.14285714285714285 0.13237924865831843
67 0.7642857142857142 0.18962432915921287 0.14821428571428572 0.11985688729874776
48 0.8758928571428571 0.18604651162790697 0.055357142857142855 0.09123434704830054
67 0.3080357142857143 0.21198568872987478 0.14464285714285716 0.11806797853309481
23 0.6089285714285714 0.6771019677996423 0.12142857142857143 0.12343470483005367
33 0.6241071428571429 0.1887298747763864 0.125 0.1001788908765653
67 0.7642857142857142 0.6797853309481217 0.17857142857142858 0.1413237924865832
33 0.16428571428571428 0.23076923076923078 0.13392857142857142 0.11270125223613596
59 0.9017857142857143 0.6806797853309481 0.07321428571428572 0.1037567084078712
38 0.43214285714285716 0.6914132379248659 0.06428571428571428 0.12880143112701253
38 0.41517857142857145 0.1967799642218247 0.05714285714285714 0.09660107334525939