96 0.22053571428571428 0.1887298747763864 0.24285714285714285 0.11985688729874776
55 0.6607142857142857 0.725402504472272 0.125 0.1556350626118068
67 0.3 0.6940966010733453 0.14285714285714285 0.1520572450805009
67 0.7821428571428571 0.7084078711985689 0.11607142857142858 0.148479427549195
98 0.8919642857142858 0.6923076923076923 0.04285714285714286 0.15742397137745975
55 0.16071428571428573 0.7075134168157424 0.1392857142857143 0.1449016100178891
67 0.7803571428571429 0.1851520572450805 0.15178571428571427 0.1592128801431127
33 0.6285714285714286 0.19051878354203935 0.16428571428571428 0.14311270125223613
38 0.8982142857142857 0.19409660107334525 0.07678571428571429 0.12880143112701253
43 0.39464285714285713 0.17889087656529518 0.055357142857142855 0.08944543828264759
99 0.4044642857142857 0.684257602862254 0.060714285714285714 0.13953488372093023