58 0.7285714285714285 0.7110912343470484 0.13214285714285715 0.1806797853309481
67 0.7910714285714285 0.1967799642218247 0.17857142857142858 0.18425760286225404
33 0.6241071428571429 0.2003577817531306 0.15714285714285714 0.148479427549195
11 0.8392857142857143 0.7075134168157424 0.048214285714285716 0.11270125223613596
67 0.2883928571428571 0.18783542039355994 0.1357142857142857 0.1073345259391771
33 0.16339285714285715 0.21735241502683364 0.11964285714285715 0.09481216457960644
33 0.19107142857142856 0.6493738819320215 0.09107142857142857 0.08228980322003578
38 0.9223214285714286 0.18694096601073346 0.075 0.14311270125223613
67 0.28125 0.686046511627907 0.09285714285714286 0.08765652951699464
38 0.38392857142857145 0.167262969588551 0.05178571428571429 0.08765652951699464
43 0.3517857142857143 0.7084078711985689 0.04285714285714286 0.06976744186046512