67 0.3107142857142857 0.17978533094812166 0.18571428571428572 0.17173524150268335
67 0.3026785714285714 0.6726296958855098 0.1732142857142857 0.148479427549195
33 0.13660714285714284 0.20572450805008943 0.15714285714285714 0.14311270125223613
67 0.7803571428571429 0.6475849731663685 0.175 0.15742397137745975
33 0.14285714285714285 0.6932021466905188 0.14285714285714285 0.12701252236135957
33 0.6151785714285715 0.6985688729874776 0.15714285714285714 0.13416815742397137
67 0.7651785714285714 0.2110912343470483 0.14107142857142857 0.11985688729874776
33 0.6366071428571428 0.1851520572450805 0.11607142857142858 0.1037567084078712
38 0.4294642857142857 0.6547406082289803 0.06428571428571428 0.11985688729874776
38 0.8723214285714286 0.23076923076923078 0.05714285714285714 0.09123434704830054
38 0.9053571428571429 0.6162790697674418 0.06428571428571428 0.11985688729874776
41 0.44642857142857145 0.1592128801431127 0.06964285714285715 0.13953488372093023