55 0.17410714285714285 0.6851520572450805 0.1767857142857143 0.15026833631484796
67 0.7589285714285714 0.6905187835420393 0.16607142857142856 0.1520572450805009
95 0.7455357142857143 0.19409660107334525 0.12678571428571428 0.1520572450805009
67 0.34464285714285714 0.6753130590339893 0.16428571428571428 0.17173524150268335
67 0.29642857142857143 0.2146690518783542 0.16785714285714284 0.1520572450805009
33 0.13660714285714284 0.2146690518783542 0.14464285714285716 0.12343470483005367
99 0.12946428571428573 0.8130590339892666 0.07321428571428572 0.13416815742397137
38 0.8821428571428571 0.684257602862254 0.06785714285714285 0.12701252236135957
11 0.8383928571428572 0.20125223613595708 0.04107142857142857 0.11091234347048301
38 0.4232142857142857 0.2101967799642218 0.06428571428571428 0.11627906976744186
24 0.6241071428571429 0.6932021466905188 0.10178571428571428 0.148479427549195
23 0.625 0.6932021466905188 0.1 0.148479427549195