67 0.2794642857142857 0.6815742397137746 0.17142857142857143 0.16457960644007155
33 0.13125 0.18336314847942756 0.18035714285714285 0.11091234347048301
33 0.6491071428571429 0.2039355992844365 0.11964285714285715 0.12343470483005367
67 0.32767857142857143 0.16100178890876565 0.21607142857142858 0.12164579606440072
67 0.7732142857142857 0.21735241502683364 0.1357142857142857 0.13953488372093023
23 0.14017857142857143 0.7030411449016101 0.11071428571428571 0.16279069767441862
43 0.07678571428571429 0.3023255813953488 0.06964285714285715 0.09838998211091235
38 0.40625 0.6735241502683363 0.06607142857142857 0.13059033989266547
43 0.8848214285714285 0.682468694096601 0.05357142857142857 0.07871198568872988
101 0.8848214285714285 0.682468694096601 0.055357142857142855 0.07871198568872988
74 0.7026785714285714 0.6967799642218246 0.2625 0.10554561717352415
41 0.8714285714285714 0.21914132379248658 0.05357142857142857 0.11449016100178891