100 0.24553571428571427 0.22003577817531306 0.20535714285714285 0.1556350626118068
92 0.8410714285714286 0.6771019677996423 0.044642857142857144 0.10912343470483005
23 0.6803571428571429 0.1771019677996422 0.05357142857142857 0.12701252236135957
75 0.6955357142857143 0.6681574239713775 0.19285714285714287 0.1556350626118068
67 0.2955357142857143 0.7003577817531306 0.1392857142857143 0.1449016100178891
33 0.16517857142857142 0.6985688729874776 0.11964285714285715 0.12880143112701253
53 0.40267857142857144 0.22540250447227192 0.055357142857142855 0.12343470483005367
67 0.7383928571428572 0.1771019677996422 0.07142857142857142 0.12164579606440072
31 0.8008928571428572 0.18246869409660108 0.04285714285714286 0.11985688729874776
23 0.7107142857142857 0.1771019677996422 0.12678571428571428 0.13595706618962433
11 0.40305357142857146 0.7091771019677997 0.056125 0.1252236135957066