68 0.24553571428571427 0.15384615384615385 0.22678571428571428 0.13595706618962433
67 0.29642857142857143 0.6985688729874776 0.18214285714285713 0.16279069767441862
67 0.7848214285714286 0.22003577817531306 0.1732142857142857 0.148479427549195
33 0.6276785714285714 0.22093023255813954 0.14107142857142857 0.12164579606440072
67 0.775 0.6887298747763864 0.17142857142857143 0.17531305903398928
33 0.13214285714285715 0.6627906976744186 0.14285714285714285 0.13595706618962433
33 0.6241071428571429 0.629695885509839 0.12678571428571428 0.13953488372093023
38 0.9125 0.2146690518783542 0.06607142857142857 0.12164579606440072
38 0.9026785714285714 0.7325581395348837 0.06785714285714285 0.12343470483005367
38 0.4348214285714286 0.7200357781753131 0.075 0.1252236135957066
20 0.40089285714285716 0.16636851520572452 0.0375 0.09481216457960644
32 0.4 0.16547406082289803 0.0375 0.09302325581395349