60 0.7044642857142858 0.19856887298747763 0.20714285714285716 0.1806797853309481
67 0.29196428571428573 0.684257602862254 0.16071428571428573 0.14311270125223613
67 0.7732142857142857 0.684257602862254 0.16785714285714284 0.15742397137745975
33 0.6196428571428572 0.6994633273703041 0.1392857142857143 0.12880143112701253
33 0.14464285714285716 0.6815742397137746 0.13392857142857142 0.12164579606440072
67 0.2910714285714286 0.2075134168157424 0.1392857142857143 0.1252236135957066
10 0.86875 0.20125223613595708 0.0625 0.11627906976744186
33 0.15892857142857142 0.19856887298747763 0.12857142857142856 0.11270125223613596
38 0.8964285714285715 0.6717352415026834 0.06428571428571428 0.12343470483005367
38 0.4107142857142857 0.6833631484794276 0.05892857142857143 0.11270125223613596
43 0.40267857142857144 0.22182468694096602 0.06964285714285715 0.10554561717352415