37 0.6991071428571428 0.18246869409660108 0.1625 0.13595706618962433
67 0.7803571428571429 0.6932021466905188 0.16607142857142856 0.1556350626118068
67 0.28214285714285714 0.7093023255813954 0.1357142857142857 0.09838998211091235
67 0.25357142857142856 0.19499105545617174 0.14107142857142857 0.12164579606440072
33 0.6294642857142857 0.6735241502683363 0.1357142857142857 0.12164579606440072
20 0.3607142857142857 0.22450805008944544 0.04642857142857143 0.07692307692307693
33 0.12589285714285714 0.148479427549195 0.1125 0.09660107334525939
38 0.90625 0.7039355992844365 0.060714285714285714 0.11449016100178891
33 0.15535714285714286 0.7101967799642218 0.11428571428571428 0.08407871198568873
59 0.8357142857142857 0.17531305903398928 0.05714285714285714 0.08944543828264759
38 0.3830357142857143 0.7039355992844365 0.05 0.07871198568872988