16 0.6741071428571429 0.7057245080500895 0.19285714285714287 0.12880143112701253
67 0.3098214285714286 0.22898032200357782 0.14107142857142857 0.14311270125223613
67 0.3026785714285714 0.6833631484794276 0.14464285714285716 0.11806797853309481
67 0.7357142857142858 0.18336314847942756 0.09642857142857143 0.09481216457960644
67 0.83125 0.6520572450805009 0.11785714285714285 0.12164579606440072
33 0.1767857142857143 0.18246869409660108 0.12321428571428572 0.11806797853309481
43 0.6366071428571428 0.8318425760286225 0.07142857142857142 0.08944543828264759
33 0.6428571428571429 0.19767441860465115 0.08928571428571429 0.08407871198568873
17 0.8017857142857143 0.17262969588550983 0.03571428571428571 0.06618962432915922
33 0.16785714285714284 0.7146690518783542 0.13392857142857142 0.10554561717352415
48 0.4160714285714286 0.2620751341681574 0.05892857142857143 0.10196779964221825
38 0.4017857142857143 0.6627906976744186 0.055357142857142855 0.09123434704830054