86 0.19732142857142856 0.19499105545617174 0.25 0.12880143112701253
67 0.7875 0.18246869409660108 0.1732142857142857 0.1520572450805009
33 0.15178571428571427 0.6923076923076923 0.1357142857142857 0.11091234347048301
67 0.7732142857142857 0.6887298747763864 0.1392857142857143 0.13953488372093023
67 0.29642857142857143 0.6923076923076923 0.15892857142857142 0.12701252236135957
33 0.6330357142857143 0.6976744186046512 0.125 0.1252236135957066
33 0.6241071428571429 0.23971377459749552 0.1625 0.13595706618962433
38 0.9169642857142857 0.1413237924865832 0.075 0.11627906976744186
43 0.3821428571428571 0.19409660107334525 0.0625 0.1001788908765653
38 0.4133928571428571 0.6896243291592129 0.06428571428571428 0.09838998211091235
45 0.8785714285714286 0.6878354203935599 0.060714285714285714 0.11449016100178891