70 0.21696428571428572 0.648479427549195 0.2767857142857143 0.10912343470483005
67 0.7741071428571429 0.2075134168157424 0.16071428571428573 0.16457960644007155
23 0.12767857142857142 0.1771019677996422 0.1125 0.13416815742397137
67 0.7464285714285714 0.6708407871198568 0.1625 0.13774597495527727
33 0.6267857142857143 0.18336314847942756 0.1357142857142857 0.13595706618962433
67 0.2767857142857143 0.17531305903398928 0.18571428571428572 0.148479427549195
33 0.6026785714285714 0.6368515205724508 0.12142857142857143 0.10554561717352415
38 0.4133928571428571 0.16547406082289803 0.07142857142857142 0.12343470483005367
38 0.8973214285714286 0.22271914132379247 0.06428571428571428 0.12164579606440072
59 0.4044642857142857 0.6431127012522362 0.0625 0.07692307692307693
43 0.8732142857142857 0.7012522361359571 0.0625 0.09481216457960644