33 0.6169642857142857 0.684257602862254 0.14642857142857144 0.13416815742397137
55 0.17232142857142857 0.6118067978533095 0.11785714285714285 0.10912343470483005
67 0.7455357142857143 0.19141323792486584 0.15357142857142858 0.12701252236135957
67 0.7794642857142857 0.6833631484794276 0.1732142857142857 0.16279069767441862
33 0.17232142857142857 0.22093023255813954 0.12678571428571428 0.12164579606440072
67 0.30714285714285716 0.20930232558139536 0.14642857142857144 0.14311270125223613
33 0.6017857142857143 0.18604651162790697 0.13035714285714287 0.1073345259391771
67 0.29642857142857143 0.6663685152057245 0.12678571428571428 0.12164579606440072
38 0.8616071428571429 0.19320214669051877 0.055357142857142855 0.09660107334525939
38 0.41696428571428573 0.2003577817531306 0.06607142857142857 0.11985688729874776
59 0.40267857142857144 0.7155635062611807 0.060714285714285714 0.09838998211091235
32 0.9081607142857143 0.6912880143112702 0.07142857142857142 0.13033989266547405