21 0.19910714285714284 0.19588550983899822 0.14285714285714285 0.16279069767441862
67 0.2982142857142857 0.6932021466905188 0.1625 0.15742397137745975
23 0.6464285714285715 0.2101967799642218 0.10892857142857143 0.13059033989266547
33 0.14642857142857144 0.6949910554561717 0.1375 0.12343470483005367
67 0.8008928571428572 0.7567084078711985 0.18928571428571428 0.06440071556350627
67 0.7767857142857143 0.2075134168157424 0.15714285714285714 0.12164579606440072
103 0.3196428571428571 0.16994633273703041 0.06428571428571428 0.1556350626118068
33 0.6071428571428571 0.7540250447227191 0.15714285714285714 0.057245080500894455
38 0.41696428571428573 0.6887298747763864 0.0625 0.12164579606440072
103 0.89375 0.1967799642218247 0.06964285714285715 0.11806797853309481
41 0.9598214285714286 0.7522361359570662 0.04642857142857143 0.057245080500894455
31 0.89375 0.1967799642218247 0.07142857142857142 0.11806797853309481