23 0.625 0.20661896243291591 0.09285714285714286 0.14669051878354203
67 0.7410714285714286 0.20572450805008943 0.1392857142857143 0.14669051878354203
67 0.28482142857142856 0.6914132379248659 0.16785714285714284 0.14669051878354203
100 0.2517857142857143 0.18783542039355994 0.2392857142857143 0.1556350626118068
20 0.8455357142857143 0.7048300536672629 0.05178571428571429 0.09123434704830054
33 0.12678571428571428 0.6878354203935599 0.14107142857142857 0.11806797853309481
31 0.8696428571428572 0.20661896243291591 0.06428571428571428 0.11985688729874776
67 0.7482142857142857 0.6851520572450805 0.13214285714285715 0.11806797853309481
33 0.63125 0.6556350626118068 0.10535714285714286 0.1001788908765653
38 0.4125 0.6932021466905188 0.060714285714285714 0.1073345259391771
59 0.42589285714285713 0.2298747763864043 0.05892857142857143 0.08228980322003578