67 0.27232142857142855 0.669051878354204 0.18035714285714285 0.16636851520572452
33 0.13392857142857142 0.148479427549195 0.14821428571428572 0.1449016100178891
67 0.3 0.19499105545617174 0.18571428571428572 0.17531305903398928
23 0.12232142857142857 0.6717352415026834 0.11428571428571428 0.1592128801431127
59 0.8901785714285714 0.6556350626118068 0.075 0.12164579606440072
38 0.40625 0.6681574239713775 0.06785714285714285 0.12880143112701253
43 0.8714285714285714 0.2513416815742397 0.07142857142857142 0.13774597495527727
27 0.6866071428571429 0.6502683363148479 0.30714285714285716 0.16100178890876565
38 0.44107142857142856 0.22450805008944544 0.07321428571428572 0.13237924865831843
14 0.6919642857142857 0.2522361359570662 0.2625 0.1556350626118068
82 0.6910714285714286 0.2522361359570662 0.26071428571428573 0.15384615384615385