62 0.8330357142857143 0.24597495527728086 0.04642857142857143 0.09302325581395349
31 0.8785714285714286 0.6645796064400715 0.060714285714285714 0.11270125223613596
22 0.7080357142857143 0.6636851520572451 0.20892857142857144 0.13416815742397137
47 0.6973214285714285 0.24955277280858676 0.14642857142857144 0.10554561717352415
67 0.29642857142857143 0.6610017889087657 0.1625 0.16100178890876565
67 0.28125 0.22093023255813954 0.175 0.17173524150268335
41 0.4160714285714286 0.6556350626118068 0.060714285714285714 0.12343470483005367
33 0.14642857142857144 0.6654740608228981 0.13392857142857142 0.13059033989266547
38 0.41160714285714284 0.20304114490161002 0.075 0.13774597495527727
33 0.13482142857142856 0.2370304114490161 0.11607142857142858 0.16457960644007155
23 0.13482142857142856 0.23971377459749552 0.11607142857142858 0.16457960644007155