73 0.7214285714285714 0.7075134168157424 0.14107142857142857 0.16994633273703041
67 0.3 0.6914132379248659 0.17142857142857143 0.1449016100178891
67 0.21517857142857144 0.1708407871198569 0.08571428571428572 0.07334525939177101
67 0.7571428571428571 0.16457960644007155 0.13392857142857142 0.10912343470483005
33 0.14285714285714285 0.7227191413237924 0.14642857142857144 0.11985688729874776
33 0.63125 0.19230769230769232 0.11964285714285715 0.10196779964221825
98 0.8392857142857143 0.6878354203935599 0.04642857142857143 0.148479427549195
33 0.1357142857142857 0.1708407871198569 0.075 0.06618962432915922
52 0.42589285714285713 0.6654740608228981 0.06785714285714285 0.11627906976744186
17 0.2794642857142857 0.16457960644007155 0.03571428571428571 0.057245080500894455
38 0.8491071428571428 0.14669051878354203 0.05 0.08765652951699464