75 0.6482142857142857 0.6547406082289803 0.225 0.12343470483005367
92 0.8294642857142858 0.6565295169946332 0.05178571428571429 0.08228980322003578
44 0.6973214285714285 0.18694096601073346 0.18392857142857144 0.1252236135957066
33 0.12946428571428573 0.19499105545617174 0.14107142857142857 0.13059033989266547
33 0.12946428571428573 0.6350626118067979 0.14642857142857144 0.1520572450805009
67 0.28482142857142856 0.19856887298747763 0.16785714285714284 0.15384615384615385
67 0.2892857142857143 0.7093023255813954 0.175 0.16994633273703041
59 0.8357142857142857 0.16279069767441862 0.0625 0.08944543828264759
38 0.42142857142857143 0.7737030411449016 0.07142857142857142 0.11985688729874776
99 0.4035714285714286 0.19767441860465115 0.07321428571428572 0.13416815742397137
103 0.4035714285714286 0.19856887298747763 0.075 0.13416815742397137