33 0.15267857142857144 0.6932021466905188 0.13392857142857142 0.13416815742397137
33 0.625 0.1806797853309481 0.14285714285714285 0.13237924865831843
67 0.29196428571428573 0.686046511627907 0.14464285714285716 0.1413237924865832
67 0.7830357142857143 0.1771019677996422 0.1732142857142857 0.16815742397137745
67 0.30178571428571427 0.23255813953488372 0.16785714285714284 0.14669051878354203
67 0.7848214285714286 0.7093023255813954 0.175 0.13059033989266547
33 0.6169642857142857 0.7656529516994633 0.17142857142857143 0.12164579606440072
33 0.1455357142857143 0.22182468694096602 0.14107142857142857 0.11985688729874776
38 0.9098214285714286 0.6663685152057245 0.0625 0.09302325581395349
99 0.4080357142857143 0.6762075134168157 0.06785714285714285 0.13774597495527727
38 0.4276785714285714 0.23792486583184258 0.06428571428571428 0.10912343470483005
38 0.9080357142857143 0.1735241502683363 0.06428571428571428 0.12343470483005367