49 0.23125 0.6565295169946332 0.23214285714285715 0.19320214669051877
23 0.13482142857142856 0.1887298747763864 0.08571428571428572 0.11985688729874776
67 0.7767857142857143 0.19856887298747763 0.1767857142857143 0.1556350626118068
33 0.6107142857142858 0.18962432915921287 0.15178571428571427 0.1252236135957066
31 0.3625 0.19320214669051877 0.05892857142857143 0.1037567084078712
67 0.24107142857142858 0.19051878354203935 0.125 0.12343470483005367
67 0.7919642857142857 0.7003577817531306 0.12678571428571428 0.12701252236135957
71 0.4080357142857143 0.6681574239713775 0.05892857142857143 0.13595706618962433
33 0.6723214285714286 0.6869409660107334 0.1125 0.10554561717352415
38 0.9142857142857143 0.20125223613595708 0.06964285714285715 0.11806797853309481
38 0.8857142857142857 0.7119856887298748 0.055357142857142855 0.09660107334525939