67 0.29910714285714285 0.7128801431127012 0.14642857142857144 0.1413237924865832
55 0.15625 0.7039355992844365 0.14107142857142857 0.13059033989266547
54 0.6857142857142857 0.14579606440071557 0.2982142857142857 0.13774597495527727
33 0.11517857142857142 0.15026833631484796 0.12321428571428572 0.11091234347048301
67 0.2544642857142857 0.19946332737030412 0.15357142857142858 0.13237924865831843
20 0.36875 0.23255813953488372 0.05178571428571429 0.08586762075134168
67 0.7803571428571429 0.6717352415026834 0.15714285714285714 0.1252236135957066
33 0.6321428571428571 0.6735241502683363 0.1375 0.11091234347048301
43 0.8892857142857142 0.148479427549195 0.060714285714285714 0.09838998211091235
38 0.8991071428571429 0.6681574239713775 0.05892857142857143 0.09838998211091235
20 0.40714285714285714 0.7110912343470484 0.0625 0.10554561717352415
11 0.40714285714285714 0.7110912343470484 0.0625 0.10554561717352415