29 0.64375 0.2075134168157424 0.17857142857142858 0.14669051878354203
33 0.6241071428571429 0.682468694096601 0.15 0.13595706618962433
67 0.3026785714285714 0.22093023255813954 0.1625 0.14669051878354203
67 0.7875 0.6797853309481217 0.175 0.16457960644007155
20 0.7901785714285714 0.20125223613595708 0.055357142857142855 0.1037567084078712
33 0.15178571428571427 0.22540250447227192 0.1375 0.12164579606440072
67 0.2892857142857143 0.6636851520572451 0.16785714285714284 0.16279069767441862
33 0.1375 0.6726296958855098 0.14107142857142857 0.13416815742397137
38 0.42410714285714285 0.21288014311270126 0.0625 0.11627906976744186
38 0.9178571428571428 0.6726296958855098 0.06607142857142857 0.13059033989266547
99 0.40267857142857144 0.6556350626118068 0.06607142857142857 0.13237924865831843