90 0.4625 0.7110912343470484 0.06428571428571428 0.11091234347048301
51 0.2392857142857143 0.7084078711985689 0.30178571428571427 0.16279069767441862
67 0.29375 0.20840787119856888 0.16785714285714284 0.16994633273703041
33 0.14107142857142857 0.1592128801431127 0.13214285714285715 0.1449016100178891
67 0.7794642857142857 0.22093023255813954 0.14285714285714285 0.1520572450805009
33 0.6348214285714285 0.2110912343470483 0.1375 0.13774597495527727
33 0.6491071428571429 0.7039355992844365 0.07321428571428572 0.06082289803220036
38 0.4205357142857143 0.2441860465116279 0.06964285714285715 0.11985688729874776
67 0.7267857142857143 0.6762075134168157 0.0875 0.06976744186046512
31 0.8866071428571428 0.22450805008944544 0.0625 0.10912343470483005
38 0.7919642857142857 0.648479427549195 0.0375 0.0518783542039356