97 0.6571428571428571 0.644901610017889 0.09285714285714286 0.17173524150268335
67 0.25089285714285714 0.16905187835420393 0.13214285714285715 0.09123434704830054
67 0.7526785714285714 0.16636851520572452 0.1732142857142857 0.148479427549195
23 0.1419642857142857 0.6771019677996423 0.09107142857142857 0.10912343470483005
67 0.2625 0.6815742397137746 0.14642857142857144 0.11627906976744186
23 0.6116071428571429 0.1592128801431127 0.11071428571428571 0.12343470483005367
33 0.12857142857142856 0.16815742397137745 0.10892857142857143 0.07871198568872988
38 0.37410714285714286 0.682468694096601 0.05714285714285714 0.09302325581395349
62 0.7330357142857142 0.6547406082289803 0.0375 0.12701252236135957
38 0.3508928571428571 0.16636851520572452 0.048214285714285716 0.07155635062611806
101 0.8883928571428571 0.17620751341681573 0.07321428571428572 0.1073345259391771