67 0.7857142857142857 0.6753130590339893 0.17142857142857143 0.16100178890876565
33 0.6232142857142857 0.6762075134168157 0.15 0.12343470483005367
33 0.14285714285714285 0.19856887298747763 0.15 0.14311270125223613
67 0.7660714285714286 0.20214669051878353 0.15892857142857142 0.1556350626118068
67 0.3044642857142857 0.2075134168157424 0.1732142857142857 0.16994633273703041
33 0.61875 0.17889087656529518 0.13035714285714287 0.1252236135957066
33 0.15892857142857142 0.6940966010733453 0.12142857142857143 0.1073345259391771
67 0.2875 0.6878354203935599 0.1392857142857143 0.12343470483005367
20 0.38571428571428573 0.6788908765652951 0.05178571428571429 0.09481216457960644
38 0.8875 0.2110912343470483 0.06785714285714285 0.11985688729874776
53 0.91875 0.6681574239713775 0.06428571428571428 0.12164579606440072
38 0.43125 0.20661896243291591 0.06785714285714285 0.13774597495527727