88 0.19107142857142856 0.19141323792486584 0.14285714285714285 0.13953488372093023
67 0.78125 0.21735241502683364 0.1625 0.1592128801431127
86 0.7517857142857143 0.6583184257602862 0.15535714285714286 0.16100178890876565
67 0.29017857142857145 0.6896243291592129 0.16071428571428573 0.12164579606440072
33 0.6303571428571428 0.2146690518783542 0.1357142857142857 0.12880143112701253
23 0.16428571428571428 0.6949910554561717 0.10178571428571428 0.13237924865831843
31 0.29732142857142857 0.19856887298747763 0.044642857142857144 0.1001788908765653
11 0.8696428571428572 0.6636851520572451 0.04285714285714286 0.11449016100178891
38 0.9026785714285714 0.2101967799642218 0.060714285714285714 0.12701252236135957
103 0.4107142857142857 0.6833631484794276 0.07321428571428572 0.11091234347048301
31 0.4107142857142857 0.684257602862254 0.07321428571428572 0.10912343470483005