77 0.6973214285714285 0.21735241502683364 0.21071428571428572 0.148479427549195
67 0.7464285714285714 0.6762075134168157 0.14464285714285716 0.1520572450805009
55 0.16339285714285715 0.2522361359570662 0.15357142857142858 0.16636851520572452
67 0.31339285714285714 0.16547406082289803 0.15178571428571427 0.14311270125223613
59 0.8526785714285714 0.21645796064400716 0.05714285714285714 0.11985688729874776
33 0.6107142857142858 0.684257602862254 0.12678571428571428 0.12164579606440072
41 0.8544642857142857 0.669051878354204 0.05714285714285714 0.11449016100178891
33 0.175 0.6851520572450805 0.07678571428571429 0.06976744186046512
67 0.25625 0.7101967799642218 0.09107142857142857 0.07871198568872988
38 0.32589285714285715 0.7271914132379249 0.03571428571428571 0.059033989266547404
45 0.41964285714285715 0.11627906976744186 0.0625 0.11449016100178891