67 0.29375 0.6851520572450805 0.16964285714285715 0.1592128801431127
67 0.7723214285714286 0.7119856887298748 0.15714285714285714 0.15026833631484796
33 0.6276785714285714 0.6940966010733453 0.12857142857142856 0.12164579606440072
67 0.7758928571428572 0.20840787119856888 0.1732142857142857 0.17531305903398928
33 0.1357142857142857 0.6806797853309481 0.14107142857142857 0.12164579606440072
33 0.6169642857142857 0.19856887298747763 0.14464285714285716 0.15384615384615385
67 0.2857142857142857 0.1851520572450805 0.1375 0.10554561717352415
33 0.16160714285714287 0.18246869409660108 0.11607142857142858 0.09660107334525939
38 0.4205357142857143 0.684257602862254 0.0625 0.12164579606440072
38 0.8901785714285714 0.7209302325581395 0.0625 0.11985688729874776
98 0.3821428571428571 0.1806797853309481 0.048214285714285716 0.08765652951699464
38 0.9026785714285714 0.21288014311270126 0.07142857142857142 0.14311270125223613