21 0.6964285714285714 0.19499105545617174 0.12678571428571428 0.13774597495527727
16 0.1375 0.646690518783542 0.18928571428571428 0.11627906976744186
67 0.7794642857142857 0.6949910554561717 0.16428571428571428 0.1592128801431127
67 0.3375 0.17978533094812166 0.18392857142857144 0.19499105545617174
33 0.6258928571428571 0.6887298747763864 0.1375 0.12343470483005367
33 0.16875 0.16994633273703041 0.15714285714285714 0.15384615384615385
67 0.3026785714285714 0.6529516994633273 0.14285714285714285 0.12164579606440072
38 0.9044642857142857 0.6967799642218246 0.0625 0.11985688729874776
103 0.8 0.1779964221824687 0.05 0.1252236135957066
99 0.11785714285714285 0.3067978533094812 0.06428571428571428 0.15026833631484796
101 0.42589285714285713 0.6565295169946332 0.055357142857142855 0.09302325581395349