40 0.25089285714285714 0.7522361359570662 0.21785714285714286 0.17889087656529518
33 0.6196428571428572 0.6967799642218246 0.14285714285714285 0.13595706618962433
68 0.7464285714285714 0.22361359570661896 0.3410714285714286 0.12701252236135957
67 0.7785714285714286 0.6985688729874776 0.175 0.16100178890876565
67 0.29642857142857143 0.19588550983899822 0.16607142857142856 0.15384615384615385
20 0.41517857142857145 0.1851520572450805 0.05892857142857143 0.11449016100178891
33 0.14017857142857143 0.20661896243291591 0.14107142857142857 0.12343470483005367
43 0.5678571428571428 0.3085867620751342 0.055357142857142855 0.08765652951699464
59 0.42589285714285713 0.7567084078711985 0.06607142857142857 0.11091234347048301
38 0.9053571428571429 0.684257602862254 0.0625 0.11985688729874776
41 0.9044642857142857 0.6833631484794276 0.0625 0.11985688729874776