14 0.6821428571428572 0.667262969588551 0.3 0.15026833631484796
78 0.21160714285714285 0.1592128801431127 0.32321428571428573 0.13416815742397137
31 0.9107142857142857 0.6681574239713775 0.08392857142857142 0.13774597495527727
67 0.7848214285714286 0.20661896243291591 0.1732142857142857 0.1592128801431127
33 0.625 0.20930232558139536 0.14285714285714285 0.12880143112701253
67 0.3053571428571429 0.6878354203935599 0.18214285714285713 0.14669051878354203
33 0.13660714285714284 0.7432915921288015 0.16607142857142856 0.12880143112701253
38 0.4375 0.644901610017889 0.06785714285714285 0.11449016100178891
59 0.43214285714285716 0.16636851520572452 0.07142857142857142 0.09838998211091235
41 0.9160714285714285 0.20125223613595708 0.0625 0.11627906976744186
38 0.9160714285714285 0.2003577817531306 0.0625 0.11627906976744186