73 0.19196428571428573 0.18604651162790697 0.19642857142857142 0.1252236135957066
70 0.2375 0.682468694096601 0.39464285714285713 0.20572450805008943
33 0.5973214285714286 0.6538461538461539 0.1392857142857143 0.13953488372093023
67 0.7758928571428572 0.20661896243291591 0.16428571428571428 0.13595706618962433
67 0.7625 0.6914132379248659 0.18035714285714285 0.16100178890876565
33 0.6223214285714286 0.20840787119856888 0.1375 0.11270125223613596
43 0.46785714285714286 0.6708407871198568 0.06607142857142857 0.14669051878354203
41 0.9008928571428572 0.20214669051878353 0.05892857142857143 0.1037567084078712
98 0.3607142857142857 0.17620751341681573 0.05892857142857143 0.12164579606440072
41 0.9044642857142857 0.7173524150268337 0.075 0.11806797853309481
38 0.9044642857142857 0.7173524150268337 0.07321428571428572 0.11806797853309481