73 0.15357142857142858 0.6556350626118068 0.1732142857142857 0.11985688729874776
98 0.3 0.6413237924865832 0.05178571428571429 0.11270125223613596
67 0.7642857142857142 0.7075134168157424 0.16607142857142856 0.14669051878354203
67 0.7776785714285714 0.1887298747763864 0.18035714285714285 0.16994633273703041
33 0.6071428571428571 0.18425760286225404 0.15535714285714286 0.13595706618962433
33 0.6080357142857142 0.7119856887298748 0.14107142857142857 0.12164579606440072
33 0.1705357142857143 0.23255813953488372 0.08392857142857142 0.07155635062611806
67 0.26339285714285715 0.23613595706618962 0.09642857142857143 0.07871198568872988
38 0.9098214285714286 0.1887298747763864 0.06785714285714285 0.13237924865831843
38 0.8866071428571428 0.7003577817531306 0.05892857142857143 0.10554561717352415
38 0.33303571428571427 0.23255813953488372 0.0375 0.059033989266547404