101 0.3339285714285714 0.6797853309481217 0.05357142857142857 0.10912343470483005
67 0.7776785714285714 0.19946332737030412 0.15892857142857142 0.13237924865831843
33 0.14017857142857143 0.20214669051878353 0.14464285714285716 0.12164579606440072
67 0.2982142857142857 0.20661896243291591 0.17142857142857143 0.15026833631484796
67 0.7991071428571429 0.6547406082289803 0.12142857142857143 0.13416815742397137
33 0.6928571428571428 0.6341681574239714 0.09821428571428571 0.11985688729874776
24 0.2017857142857143 0.6788908765652951 0.16428571428571428 0.148479427549195
33 0.6241071428571429 0.19856887298747763 0.14107142857142857 0.10554561717352415
38 0.8973214285714286 0.19588550983899822 0.05714285714285714 0.09660107334525939
38 0.42142857142857143 0.21198568872987478 0.06607142857142857 0.11270125223613596
38 0.8875 0.669051878354204 0.05357142857142857 0.1037567084078712