19 0.6883928571428571 0.6771019677996423 0.3375 0.16994633273703041
67 0.28660714285714284 0.7280858676207513 0.15 0.13059033989266547
67 0.2892857142857143 0.2075134168157424 0.14821428571428572 0.12343470483005367
33 0.15178571428571427 0.20661896243291591 0.12678571428571428 0.1073345259391771
99 0.9142857142857143 0.667262969588551 0.060714285714285714 0.13953488372093023
41 0.8767857142857143 0.22271914132379247 0.05 0.09302325581395349
67 0.78125 0.20840787119856888 0.125 0.1252236135957066
33 0.6678571428571428 0.18783542039355994 0.10357142857142858 0.10196779964221825
33 0.14375 0.6878354203935599 0.12321428571428572 0.1073345259391771
38 0.4017857142857143 0.759391771019678 0.05357142857142857 0.08407871198568873
38 0.3964285714285714 0.20125223613595708 0.05714285714285714 0.09302325581395349