67 0.28660714285714284 0.21288014311270126 0.1767857142857143 0.16457960644007155
33 0.12767857142857142 0.1547406082289803 0.13392857142857142 0.1449016100178891
67 0.7892857142857143 0.6994633273703041 0.15535714285714286 0.13953488372093023
67 0.30357142857142855 0.6654740608228981 0.1767857142857143 0.15026833631484796
67 0.7857142857142857 0.2370304114490161 0.14821428571428572 0.14669051878354203
33 0.1392857142857143 0.721824686940966 0.16071428571428573 0.13953488372093023
33 0.6491071428571429 0.684257602862254 0.13214285714285715 0.11806797853309481
38 0.43125 0.6252236135957067 0.06964285714285715 0.11985688729874776
38 0.41875 0.2522361359570662 0.06607142857142857 0.11627906976744186
33 0.6366071428571428 0.23524150268336314 0.15178571428571427 0.12880143112701253
11 0.89375 0.23166368515205724 0.05892857142857143 0.1073345259391771
62 0.9017857142857143 0.7155635062611807 0.06607142857142857 0.1037567084078712