33 0.14017857142857143 0.6985688729874776 0.14285714285714285 0.12701252236135957
67 0.29285714285714287 0.7012522361359571 0.16071428571428573 0.15384615384615385
55 0.6196428571428572 0.7093023255813954 0.14821428571428572 0.13774597495527727
67 0.3080357142857143 0.18783542039355994 0.16964285714285715 0.16279069767441862
67 0.7651785714285714 0.7048300536672629 0.1392857142857143 0.14669051878354203
67 0.7794642857142857 0.22361359570661896 0.14464285714285716 0.16279069767441862
33 0.6526785714285714 0.1851520572450805 0.11428571428571428 0.13953488372093023
11 0.8714285714285714 0.7039355992844365 0.05714285714285714 0.11985688729874776
33 0.15178571428571427 0.1967799642218247 0.14464285714285716 0.1413237924865832
45 0.41160714285714284 0.6994633273703041 0.07142857142857142 0.12343470483005367
11 0.8821428571428571 0.24329159212880144 0.05357142857142857 0.12343470483005367
38 0.425 0.18336314847942756 0.06428571428571428 0.13774597495527727