33 0.6232142857142857 0.6788908765652951 0.14642857142857144 0.13953488372093023
67 0.7723214285714286 0.20304114490161002 0.125 0.16636851520572452
55 0.17767857142857144 0.23434704830053668 0.12678571428571428 0.1520572450805009
67 0.7848214285714286 0.6788908765652951 0.1732142857142857 0.1771019677996422
33 0.6571428571428571 0.2003577817531306 0.10892857142857143 0.13416815742397137
67 0.3107142857142857 0.24865831842576028 0.1357142857142857 0.1592128801431127
33 0.14910714285714285 0.6815742397137746 0.14464285714285716 0.14669051878354203
67 0.2883928571428571 0.723613595706619 0.14642857142857144 0.15384615384615385
41 0.8660714285714286 0.2003577817531306 0.05357142857142857 0.12701252236135957
38 0.9142857142857143 0.6779964221824687 0.06607142857142857 0.13416815742397137
99 0.40267857142857144 0.23881932021466906 0.05178571428571429 0.13595706618962433
99 0.39107142857142857 0.7209302325581395 0.06428571428571428 0.13059033989266547