102 0.22767857142857142 0.6395348837209303 0.275 0.13059033989266547
67 0.30357142857142855 0.22898032200357782 0.14107142857142857 0.11627906976744186
67 0.7892857142857143 0.7057245080500895 0.16071428571428573 0.15026833631484796
33 0.5901785714285714 0.19856887298747763 0.12857142857142856 0.09838998211091235
67 0.7339285714285714 0.20125223613595708 0.15535714285714286 0.11806797853309481
33 0.6357142857142857 0.7093023255813954 0.14464285714285716 0.13237924865831843
33 0.1732142857142857 0.2298747763864043 0.11785714285714285 0.10196779964221825
59 0.42142857142857143 0.6556350626118068 0.0625 0.08407871198568873
38 0.8508928571428571 0.19856887298747763 0.055357142857142855 0.09123434704830054
38 0.40625 0.22540250447227192 0.05178571428571429 0.09123434704830054
38 0.9053571428571429 0.6949910554561717 0.0625 0.1252236135957066