18 0.6946428571428571 0.6708407871198568 0.19107142857142856 0.09481216457960644
67 0.7741071428571429 0.20930232558139536 0.175 0.16457960644007155
33 0.13303571428571428 0.22450805008944544 0.18392857142857144 0.1592128801431127
67 0.32142857142857145 0.15652951699463327 0.19464285714285715 0.16994633273703041
33 0.6116071428571429 0.1815742397137746 0.14285714285714285 0.13774597495527727
67 0.28660714285714284 0.6806797853309481 0.14285714285714285 0.13416815742397137
33 0.14642857142857144 0.6779964221824687 0.13392857142857142 0.11270125223613596
38 0.4544642857142857 0.11270125223613596 0.075 0.12343470483005367
59 0.8491071428571428 0.6654740608228981 0.060714285714285714 0.07871198568872988
20 0.9080357142857143 0.22450805008944544 0.06428571428571428 0.1252236135957066
17 0.4 0.6896243291592129 0.06964285714285715 0.11449016100178891
31 0.4 0.6896243291592129 0.06964285714285715 0.11449016100178891