33 0.6321428571428571 0.21735241502683364 0.13035714285714287 0.1252236135957066
56 0.22589285714285715 0.16636851520572452 0.22142857142857142 0.1449016100178891
67 0.7723214285714286 0.22898032200357782 0.15 0.14311270125223613
59 0.3776785714285714 0.19499105545617174 0.060714285714285714 0.09302325581395349
43 0.6482142857142857 0.8425760286225402 0.075 0.09838998211091235
33 0.2 0.6967799642218246 0.11964285714285715 0.07513416815742398
16 0.7491071428571429 0.6985688729874776 0.275 0.14311270125223613
33 0.21696428571428572 0.6932021466905188 0.07857142857142857 0.07334525939177101
45 0.8821428571428571 0.2298747763864043 0.06785714285714285 0.11449016100178891
17 0.2714285714285714 0.7101967799642218 0.030357142857142857 0.0518783542039356
67 0.22053571428571428 0.6976744186046512 0.06964285714285715 0.07334525939177101