67 0.30714285714285716 0.19588550983899822 0.16607142857142856 0.1735241502683363
33 0.14821428571428572 0.19767441860465115 0.15357142857142858 0.13595706618962433
67 0.29910714285714285 0.6958855098389982 0.16785714285714284 0.15026833631484796
55 0.6383928571428571 0.2075134168157424 0.09821428571428571 0.16636851520572452
33 0.14285714285714285 0.6914132379248659 0.14285714285714285 0.12164579606440072
67 0.6875 0.7227191413237924 0.11071428571428571 0.16994633273703041
33 0.59375 0.6753130590339893 0.0875 0.14669051878354203
38 0.42410714285714285 0.6967799642218246 0.0625 0.11627906976744186
67 0.7339285714285714 0.18783542039355994 0.09285714285714286 0.1556350626118068
98 0.8196428571428571 0.17173524150268335 0.044642857142857144 0.17173524150268335
38 0.4294642857142857 0.1887298747763864 0.060714285714285714 0.13059033989266547