26 0.24375 0.19051878354203935 0.16964285714285715 0.16636851520572452
67 0.3026785714285714 0.684257602862254 0.175 0.1556350626118068
33 0.1419642857142857 0.684257602862254 0.14285714285714285 0.12343470483005367
33 0.6321428571428571 0.7119856887298748 0.15535714285714286 0.13059033989266547
67 0.7991071428571429 0.6744186046511628 0.17857142857142858 0.1520572450805009
33 0.6098214285714286 0.18694096601073346 0.14642857142857144 0.13416815742397137
67 0.7723214285714286 0.17889087656529518 0.1732142857142857 0.16994633273703041
38 0.43125 0.6735241502683363 0.060714285714285714 0.11270125223613596
38 0.8991071428571429 0.17173524150268335 0.06607142857142857 0.12343470483005367
38 0.9339285714285714 0.6493738819320215 0.06607142857142857 0.11806797853309481
10 0.36964285714285716 0.17531305903398928 0.060714285714285714 0.12343470483005367