68 0.6946428571428571 0.16636851520572452 0.2910714285714286 0.18246869409660108
67 0.7696428571428572 0.6869409660107334 0.17142857142857143 0.1556350626118068
67 0.27589285714285716 0.20661896243291591 0.13392857142857142 0.11806797853309481
33 0.6089285714285714 0.6699463327370304 0.14464285714285716 0.12701252236135957
33 0.14910714285714285 0.22003577817531306 0.12321428571428572 0.1073345259391771
33 0.14910714285714285 0.7862254025044723 0.125 0.09481216457960644
67 0.2883928571428571 0.7906976744186046 0.15178571428571427 0.10912343470483005
59 0.8964285714285715 0.17889087656529518 0.05178571428571429 0.11627906976744186
38 0.9017857142857143 0.6958855098389982 0.06428571428571428 0.11985688729874776
38 0.37142857142857144 0.19320214669051877 0.05178571428571429 0.09123434704830054
38 0.40089285714285716 0.7942754919499105 0.05714285714285714 0.08586762075134168