33 0.6232142857142857 0.1779964221824687 0.1357142857142857 0.13953488372093023
67 0.7785714285714286 0.21377459749552774 0.16964285714285715 0.16279069767441862
67 0.3 0.7280858676207513 0.15892857142857142 0.13953488372093023
33 0.15982142857142856 0.20930232558139536 0.11964285714285715 0.1073345259391771
67 0.7883928571428571 0.7030411449016101 0.15892857142857142 0.12880143112701253
33 0.15267857142857144 0.7298747763864043 0.13392857142857142 0.11806797853309481
67 0.2892857142857143 0.2146690518783542 0.14464285714285716 0.12701252236135957
33 0.6428571428571429 0.7030411449016101 0.13392857142857142 0.11449016100178891
38 0.9071428571428571 0.2370304114490161 0.06428571428571428 0.12343470483005367
99 0.90625 0.6958855098389982 0.05714285714285714 0.10554561717352415
38 0.39464285714285713 0.21556350626118068 0.05714285714285714 0.09481216457960644
38 0.41696428571428573 0.721824686940966 0.060714285714285714 0.1073345259391771