67 0.29017857142857145 0.24776386404293382 0.14464285714285716 0.16100178890876565
67 0.2741071428571429 0.686046511627907 0.1732142857142857 0.16815742397137745
33 0.11964285714285715 0.648479427549195 0.13214285714285715 0.13237924865831843
55 0.6267857142857143 0.2075134168157424 0.15714285714285714 0.14311270125223613
33 0.15625 0.2182468694096601 0.12142857142857143 0.13237924865831843
11 0.8910714285714286 0.6699463327370304 0.0625 0.1073345259391771
67 0.7857142857142857 0.684257602862254 0.14821428571428572 0.13416815742397137
33 0.6455357142857143 0.7066189624329159 0.1375 0.11627906976744186
67 0.7732142857142857 0.21735241502683364 0.14107142857142857 0.1520572450805009
11 0.3964285714285714 0.26833631484794274 0.055357142857142855 0.12164579606440072
38 0.40982142857142856 0.7119856887298748 0.06964285714285715 0.1252236135957066