67 0.7892857142857143 0.6994633273703041 0.18214285714285713 0.148479427549195
33 0.6223214285714286 0.7227191413237924 0.15 0.12343470483005367
67 0.30625 0.6923076923076923 0.17857142857142858 0.16100178890876565
33 0.14017857142857143 0.6833631484794276 0.15535714285714286 0.1449016100178891
67 0.3223214285714286 0.17262969588550983 0.15178571428571427 0.11627906976744186
33 0.18125 0.18336314847942756 0.13214285714285715 0.1037567084078712
104 0.6723214285714286 0.1708407871198569 0.10714285714285714 0.12701252236135957
38 0.9241071428571429 0.684257602862254 0.06785714285714285 0.12701252236135957
38 0.4303571428571429 0.167262969588551 0.05714285714285714 0.09302325581395349
38 0.4330357142857143 0.7110912343470484 0.07142857142857142 0.11985688729874776
43 0.7607142857142857 0.16815742397137745 0.03571428571428571 0.1073345259391771