44 0.7116071428571429 0.19320214669051877 0.1982142857142857 0.14311270125223613
67 0.31607142857142856 0.6744186046511628 0.1767857142857143 0.1520572450805009
33 0.14821428571428572 0.7101967799642218 0.15892857142857142 0.13059033989266547
67 0.7928571428571428 0.667262969588551 0.16428571428571428 0.14311270125223613
38 0.44910714285714287 0.6538461538461539 0.06428571428571428 0.12164579606440072
33 0.6410714285714286 0.6654740608228981 0.1392857142857143 0.13953488372093023
67 0.24553571428571427 0.19946332737030412 0.11428571428571428 0.14311270125223613
59 0.3419642857142857 0.24239713774597496 0.05892857142857143 0.09481216457960644
23 0.15446428571428572 0.15831842576028624 0.07321428571428572 0.09838998211091235
67 0.22321428571428573 0.19499105545617174 0.15535714285714286 0.15384615384615385
43 0.8589285714285714 0.19588550983899822 0.05 0.1037567084078712
98 0.8830357142857143 0.669051878354204 0.0625 0.11270125223613596