67 0.29285714285714287 0.6878354203935599 0.18214285714285713 0.16636851520572452
33 0.125 0.6878354203935599 0.15178571428571427 0.13953488372093023
67 0.29642857142857143 0.20125223613595708 0.18571428571428572 0.19141323792486584
33 0.13214285714285715 0.1520572450805009 0.14285714285714285 0.15026833631484796
67 0.7669642857142858 0.6967799642218246 0.08392857142857142 0.06082289803220036
33 0.6883928571428571 0.6958855098389982 0.06964285714285715 0.0518783542039356
38 0.4276785714285714 0.682468694096601 0.06785714285714285 0.13237924865831843
17 0.8294642857142858 0.6949910554561717 0.03571428571428571 0.046511627906976744
38 0.4276785714285714 0.23971377459749552 0.075 0.13237924865831843
59 0.9017857142857143 0.1556350626118068 0.05892857142857143 0.08228980322003578
100 0.7303571428571428 0.16010733452593917 0.2392857142857143 0.11806797853309481