72 0.19553571428571428 0.21645796064400716 0.12857142857142856 0.13595706618962433
67 0.7794642857142857 0.6779964221824687 0.16785714285714284 0.15026833631484796
67 0.27767857142857144 0.7030411449016101 0.11964285714285715 0.08765652951699464
101 0.3151785714285714 0.22271914132379247 0.04642857142857143 0.1037567084078712
33 0.6178571428571429 0.6923076923076923 0.14642857142857144 0.12701252236135957
67 0.8017857142857143 0.16189624329159213 0.18214285714285713 0.15742397137745975
33 0.6330357142857143 0.21377459749552774 0.1625 0.15026833631484796
33 0.1669642857142857 0.6833631484794276 0.09642857142857143 0.07334525939177101
38 0.9044642857142857 0.6735241502683363 0.06428571428571428 0.1252236135957066
38 0.36964285714285716 0.7173524150268337 0.04285714285714286 0.06440071556350627
38 0.9294642857142857 0.13237924865831843 0.06964285714285715 0.1252236135957066