64 0.6633928571428571 0.21735241502683364 0.21071428571428572 0.13416815742397137
30 0.8535714285714285 0.21377459749552774 0.06607142857142857 0.11985688729874776
97 0.15982142857142856 0.7495527728085868 0.12678571428571428 0.13059033989266547
23 0.18839285714285714 0.1851520572450805 0.07678571428571429 0.1073345259391771
67 0.7830357142857143 0.7093023255813954 0.15535714285714286 0.148479427549195
33 0.6383928571428571 0.7048300536672629 0.1357142857142857 0.1252236135957066
67 0.2857142857142857 0.7352415026833632 0.125 0.13237924865831843
67 0.28214285714285714 0.22093023255813954 0.11607142857142858 0.12701252236135957
43 0.39285714285714285 0.7227191413237924 0.05357142857142857 0.10912343470483005
38 0.8982142857142857 0.7075134168157424 0.06428571428571428 0.11270125223613596
38 0.37142857142857144 0.24955277280858676 0.05357142857142857 0.09838998211091235