40 0.6723214285714286 0.1887298747763864 0.1357142857142857 0.19320214669051877
33 0.17410714285714285 0.6601073345259392 0.16607142857142856 0.16457960644007155
67 0.34732142857142856 0.6788908765652951 0.18392857142857144 0.19499105545617174
67 0.30714285714285716 0.15295169946332737 0.1875 0.16636851520572452
33 0.6267857142857143 0.6762075134168157 0.11785714285714285 0.11806797853309481
33 0.12857142857142856 0.21288014311270126 0.1732142857142857 0.148479427549195
67 0.7517857142857143 0.7298747763864043 0.13392857142857142 0.148479427549195
53 0.44107142857142856 0.11806797853309481 0.06607142857142857 0.12701252236135957
99 0.12053571428571429 0.8005366726296959 0.060714285714285714 0.17889087656529518
59 0.7767857142857143 0.19141323792486584 0.048214285714285716 0.12164579606440072
31 0.8553571428571428 0.7656529516994633 0.06785714285714285 0.11270125223613596