49 0.7169642857142857 0.6556350626118068 0.23214285714285715 0.19141323792486584
67 0.29375 0.6958855098389982 0.16428571428571428 0.15742397137745975
67 0.7875 0.20930232558139536 0.17857142857142858 0.14311270125223613
33 0.14107142857142857 0.6914132379248659 0.1392857142857143 0.1252236135957066
67 0.29196428571428573 0.21735241502683364 0.16071428571428573 0.14669051878354203
71 0.8928571428571429 0.6681574239713775 0.05892857142857143 0.13416815742397137
33 0.14285714285714285 0.1851520572450805 0.1375 0.14311270125223613
33 0.6196428571428572 0.21377459749552774 0.15357142857142858 0.11806797853309481
38 0.41696428571428573 0.6923076923076923 0.0625 0.12164579606440072
38 0.9205357142857142 0.20125223613595708 0.0625 0.10912343470483005
31 0.4088392857142857 0.22567084078711988 0.0759642857142857 0.1563685152057245