93 0.7035714285714286 0.6762075134168157 0.26607142857142857 0.17889087656529518
25 0.89375 0.6985688729874776 0.060714285714285714 0.1449016100178891
85 0.11785714285714285 0.6583184257602862 0.125 0.11270125223613596
67 0.29285714285714287 0.21288014311270126 0.15892857142857142 0.148479427549195
55 0.6276785714285714 0.21377459749552774 0.15892857142857142 0.1449016100178891
67 0.7946428571428571 0.20572450805008943 0.16785714285714284 0.1592128801431127
33 0.14642857142857144 0.20840787119856888 0.13035714285714287 0.11627906976744186
99 0.9160714285714285 0.19141323792486584 0.06428571428571428 0.13237924865831843
67 0.25357142857142856 0.6341681574239714 0.15535714285714286 0.11806797853309481
59 0.37410714285714286 0.6162790697674418 0.06607142857142857 0.08765652951699464
41 0.4133928571428571 0.2110912343470483 0.0625 0.11627906976744186