67 0.7732142857142857 0.7003577817531306 0.1625 0.16279069767441862
55 0.16964285714285715 0.1771019677996422 0.18214285714285713 0.16815742397137745
33 0.14642857142857144 0.6869409660107334 0.14285714285714285 0.1449016100178891
33 0.6214285714285714 0.6896243291592129 0.1357142857142857 0.12701252236135957
67 0.3455357142857143 0.19230769230769232 0.175 0.19320214669051877
67 0.30089285714285713 0.6806797853309481 0.16428571428571428 0.148479427549195
33 0.6232142857142857 0.20125223613595708 0.1392857142857143 0.1413237924865832
99 0.12857142857142856 0.3184257602862254 0.07857142857142857 0.14669051878354203
38 0.8955357142857143 0.6994633273703041 0.0625 0.12164579606440072
67 0.7705357142857143 0.20304114490161002 0.15178571428571427 0.148479427549195
38 0.8866071428571428 0.19409660107334525 0.07142857142857142 0.1252236135957066
38 0.41696428571428573 0.6681574239713775 0.060714285714285714 0.13059033989266547