67 0.7830357142857143 0.20840787119856888 0.1732142857142857 0.16457960644007155
33 0.6214285714285714 0.20214669051878353 0.14464285714285716 0.13595706618962433
67 0.29910714285714285 0.6735241502683363 0.16785714285714284 0.1449016100178891
33 0.1419642857142857 0.6779964221824687 0.14285714285714285 0.11806797853309481
67 0.7758928571428572 0.6985688729874776 0.1732142857142857 0.16100178890876565
24 0.21071428571428572 0.20930232558139536 0.2785714285714286 0.18962432915921287
33 0.61875 0.6869409660107334 0.1392857142857143 0.13059033989266547
53 0.4 0.21914132379248658 0.08392857142857142 0.14311270125223613
38 0.9116071428571428 0.2146690518783542 0.0625 0.1252236135957066
38 0.9035714285714286 0.7030411449016101 0.07142857142857142 0.12880143112701253
17 0.42589285714285713 0.669051878354204 0.06964285714285715 0.1037567084078712