68 0.7508928571428571 0.18336314847942756 0.32142857142857145 0.15026833631484796
68 0.6991071428571428 0.1851520572450805 0.21607142857142858 0.148479427549195
67 0.3053571428571429 0.13953488372093023 0.14821428571428572 0.14669051878354203
43 0.6035714285714285 0.33094812164579607 0.05357142857142857 0.12164579606440072
67 0.2732142857142857 0.7012522361359571 0.13035714285714287 0.12343470483005367
38 0.8196428571428571 0.6565295169946332 0.04107142857142857 0.10912343470483005
33 0.175 0.08944543828264759 0.11428571428571428 0.11985688729874776
33 0.15535714285714286 0.6601073345259392 0.10714285714285714 0.1037567084078712
43 0.42142857142857143 0.1806797853309481 0.060714285714285714 0.11449016100178891
84 0.7 0.6493738819320215 0.16607142857142856 0.1520572450805009
41 0.36875 0.7334525939177102 0.05178571428571429 0.08586762075134168