67 0.30178571428571427 0.6797853309481217 0.16607142857142856 0.1592128801431127
67 0.7803571428571429 0.2146690518783542 0.17142857142857143 0.16100178890876565
33 0.15625 0.17531305903398928 0.12857142857142856 0.13237924865831843
33 0.14642857142857144 0.6896243291592129 0.14464285714285716 0.12701252236135957
67 0.29375 0.21645796064400716 0.15 0.148479427549195
67 0.7848214285714286 0.6851520572450805 0.14464285714285716 0.15026833631484796
33 0.6205357142857143 0.21198568872987478 0.14642857142857144 0.12701252236135957
20 0.9089285714285714 0.21198568872987478 0.060714285714285714 0.11985688729874776
41 0.42589285714285713 0.6699463327370304 0.060714285714285714 0.11449016100178891
33 0.6473214285714286 0.686046511627907 0.12678571428571428 0.12880143112701253
38 0.41160714285714284 0.2504472271914132 0.06607142857142857 0.10196779964221825
41 0.8866071428571428 0.6815742397137746 0.0625 0.1252236135957066