57 0.7008928571428571 0.19051878354203935 0.21607142857142858 0.1413237924865832
32 0.8607142857142858 0.19499105545617174 0.048214285714285716 0.09481216457960644
33 0.14107142857142857 0.19588550983899822 0.14107142857142857 0.148479427549195
67 0.7821428571428571 0.6762075134168157 0.19107142857142856 0.1735241502683363
33 0.6026785714285714 0.686046511627907 0.16071428571428573 0.14311270125223613
67 0.2982142857142857 0.19409660107334525 0.175 0.1771019677996422
67 0.29196428571428573 0.7200357781753131 0.16428571428571428 0.16100178890876565
33 0.13660714285714284 0.6967799642218246 0.14464285714285716 0.13595706618962433
38 0.9196428571428571 0.6610017889087657 0.06428571428571428 0.13059033989266547
38 0.4133928571428571 0.7423971377459749 0.06607142857142857 0.11806797853309481
38 0.425 0.18962432915921287 0.07321428571428572 0.14669051878354203