100 0.7080357142857143 0.19230769230769232 0.2767857142857143 0.15026833631484796
67 0.7732142857142857 0.6896243291592129 0.16428571428571428 0.13059033989266547
59 0.9026785714285714 0.19409660107334525 0.06785714285714285 0.1073345259391771
41 0.8964285714285715 0.6949910554561717 0.0625 0.09660107334525939
33 0.6196428571428572 0.6806797853309481 0.14107142857142857 0.11270125223613596
67 0.3053571428571429 0.2110912343470483 0.14464285714285716 0.11985688729874776
67 0.26071428571428573 0.631484794275492 0.15 0.12343470483005367
33 0.12678571428571428 0.667262969588551 0.13214285714285715 0.1073345259391771
55 0.17410714285714285 0.1520572450805009 0.14821428571428572 0.12343470483005367
59 0.36607142857142855 0.6019677996422182 0.07142857142857142 0.09660107334525939
59 0.42232142857142857 0.26744186046511625 0.060714285714285714 0.09838998211091235