57 0.2044642857142857 0.21377459749552774 0.1732142857142857 0.1735241502683363
32 0.3366071428571429 0.21735241502683364 0.04285714285714286 0.11270125223613596
67 0.29642857142857143 0.6896243291592129 0.16607142857142856 0.16815742397137745
33 0.6232142857142857 0.21914132379248658 0.14107142857142857 0.13416815742397137
23 0.6625 0.669051878354204 0.08035714285714286 0.09302325581395349
33 0.14285714285714285 0.6940966010733453 0.1375 0.13416815742397137
67 0.7785714285714286 0.21288014311270126 0.16785714285714284 0.15742397137745975
67 0.7616071428571428 0.7164579606440071 0.12142857142857143 0.10912343470483005
17 0.41875 0.6806797853309481 0.06964285714285715 0.13059033989266547
38 0.8535714285714285 0.7549194991055456 0.044642857142857144 0.07155635062611806
38 0.9008928571428572 0.20661896243291591 0.06607142857142857 0.12164579606440072