12 0.6946428571428571 0.20304114490161002 0.24821428571428572 0.16279069767441862
97 0.14732142857142858 0.1815742397137746 0.17857142857142858 0.12880143112701253
30 0.8866071428571428 0.2075134168157424 0.060714285714285714 0.11806797853309481
67 0.27232142857142855 0.6797853309481217 0.1392857142857143 0.09838998211091235
33 0.14285714285714285 0.7048300536672629 0.12142857142857143 0.08944543828264759
62 0.30892857142857144 0.18694096601073346 0.055357142857142855 0.09481216457960644
38 0.3732142857142857 0.6610017889087657 0.05178571428571429 0.07692307692307693
36 0.7116071428571429 0.7075134168157424 0.24107142857142858 0.1520572450805009
11 0.8696428571428572 0.6976744186046512 0.05892857142857143 0.10912343470483005
60 0.7125 0.7075134168157424 0.2375 0.1520572450805009
43 0.8696428571428572 0.6976744186046512 0.05892857142857143 0.11091234347048301