82 0.20982142857142858 0.2370304114490161 0.15178571428571427 0.07155635062611806
55 0.15357142857142858 0.6949910554561717 0.125 0.12343470483005367
41 0.8732142857142857 0.6547406082289803 0.0625 0.10912343470483005
67 0.7696428571428572 0.667262969588551 0.15178571428571427 0.14311270125223613
33 0.6276785714285714 0.6887298747763864 0.1375 0.11985688729874776
67 0.275 0.6502683363148479 0.12857142857142856 0.11806797853309481
67 0.7401785714285715 0.23792486583184258 0.08571428571428572 0.08407871198568873
33 0.6633928571428571 0.2262969588550984 0.06964285714285715 0.06618962432915922
43 0.3339285714285714 0.23971377459749552 0.04285714285714286 0.0626118067978533
43 0.36964285714285716 0.6216457960644007 0.055357142857142855 0.09481216457960644
38 0.8035714285714286 0.24239713774597496 0.033928571428571426 0.0626118067978533