67 0.3044642857142857 0.6923076923076923 0.14821428571428572 0.13237924865831843
33 0.16339285714285715 0.7012522361359571 0.13392857142857142 0.11985688729874776
67 0.7830357142857143 0.6788908765652951 0.18035714285714285 0.17531305903398928
33 0.6151785714285715 0.6797853309481217 0.15 0.13774597495527727
67 0.24017857142857144 0.278175313059034 0.13035714285714287 0.23076923076923078
67 0.7821428571428571 0.18962432915921287 0.14285714285714285 0.13059033989266547
33 0.12142857142857143 0.2880143112701252 0.10892857142857143 0.2003577817531306
33 0.6428571428571429 0.1887298747763864 0.13214285714285715 0.12164579606440072
20 0.8857142857142857 0.1887298747763864 0.05357142857142857 0.1073345259391771
38 0.9196428571428571 0.6771019677996423 0.06785714285714285 0.13774597495527727
99 0.4089285714285714 0.6771019677996423 0.05178571428571429 0.11091234347048301
62 0.34017857142857144 0.2808586762075134 0.0625 0.18246869409660108