95 0.1982142857142857 0.14579606440071557 0.3196428571428571 0.13595706618962433
67 0.7473214285714286 0.20840787119856888 0.13214285714285715 0.1001788908765653
67 0.775 0.686046511627907 0.16071428571428573 0.12343470483005367
33 0.6258928571428571 0.682468694096601 0.13392857142857142 0.1037567084078712
33 0.625 0.20572450805008943 0.11071428571428571 0.08586762075134168
59 0.425 0.15384615384615385 0.06964285714285715 0.09302325581395349
38 0.89375 0.6887298747763864 0.060714285714285714 0.09481216457960644
38 0.8464285714285714 0.20572450805008943 0.04642857142857143 0.07692307692307693
33 0.15689285714285714 0.7091771019677997 0.09439285714285714 0.10989266547406082
67 0.2448928571428571 0.7066189624329159 0.07653571428571429 0.1252236135957066
38 0.30612500000000004 0.7066189624329159 0.05101785714285714 0.09456171735241503