67 0.7776785714285714 0.1967799642218247 0.15892857142857142 0.13953488372093023
67 0.29375 0.19946332737030412 0.16785714285714284 0.1592128801431127
33 0.6285714285714286 0.19051878354203935 0.1357142857142857 0.11270125223613596
33 0.13660714285714284 0.18694096601073346 0.14107142857142857 0.12880143112701253
67 0.2883928571428571 0.6994633273703041 0.14821428571428572 0.15026833631484796
33 0.15089285714285713 0.6618962432915921 0.12678571428571428 0.12880143112701253
38 0.42142857142857143 0.2039355992844365 0.06607142857142857 0.12164579606440072
38 0.3982142857142857 0.7316636851520573 0.060714285714285714 0.1037567084078712
60 0.6875 0.6529516994633273 0.18214285714285713 0.1413237924865832
43 0.8008928571428572 0.6144901610017889 0.060714285714285714 0.08765652951699464
62 0.9 0.19856887298747763 0.05892857142857143 0.10554561717352415