47 0.6982142857142857 0.6502683363148479 0.17857142857142858 0.09302325581395349
33 0.13392857142857142 0.20840787119856888 0.14821428571428572 0.13416815742397137
67 0.29642857142857143 0.19409660107334525 0.16607142857142856 0.1520572450805009
67 0.29196428571428573 0.6887298747763864 0.14642857142857144 0.13237924865831843
33 0.15267857142857144 0.7030411449016101 0.13035714285714287 0.11449016100178891
67 0.7794642857142857 0.1967799642218247 0.13035714285714287 0.11806797853309481
33 0.6571428571428571 0.26475849731663686 0.12321428571428572 0.1037567084078712
43 0.8428571428571429 0.6618962432915921 0.04642857142857143 0.07692307692307693
38 0.4205357142857143 0.19141323792486584 0.0625 0.12701252236135957
38 0.8705357142857143 0.1404293381037567 0.04642857142857143 0.06976744186046512
92 0.39732142857142855 0.6771019677996423 0.05714285714285714 0.10196779964221825