33 0.6080357142857142 0.6878354203935599 0.15178571428571427 0.13953488372093023
67 0.7732142857142857 0.6896243291592129 0.18214285714285713 0.16457960644007155
67 0.7714285714285715 0.20661896243291591 0.17142857142857143 0.1520572450805009
67 0.28214285714285714 0.7093023255813954 0.13392857142857142 0.09838998211091235
33 0.18035714285714285 0.1806797853309481 0.075 0.06082289803220036
33 0.6133928571428572 0.21198568872987478 0.1375 0.12701252236135957
67 0.2598214285714286 0.18694096601073346 0.08392857142857142 0.06976744186046512
33 0.15535714285714286 0.7101967799642218 0.11428571428571428 0.08407871198568873
38 0.8973214285714286 0.20125223613595708 0.06607142857142857 0.12701252236135957
38 0.3830357142857143 0.7048300536672629 0.05 0.08050089445438283
38 0.32321428571428573 0.19051878354203935 0.033928571428571426 0.057245080500894455
38 0.9116071428571428 0.6878354203935599 0.07321428571428572 0.13595706618962433