45 0.35625 0.1779964221824687 0.04285714285714286 0.09302325581395349
67 0.30089285714285713 0.6636851520572451 0.15892857142857142 0.1449016100178891
42 0.24196428571428572 0.18604651162790697 0.15892857142857142 0.11985688729874776
67 0.7526785714285714 0.7012522361359571 0.15178571428571427 0.148479427549195
33 0.14821428571428572 0.6565295169946332 0.14107142857142857 0.11449016100178891
67 0.7901785714285714 0.17262969588550983 0.11607142857142858 0.12880143112701253
33 0.6866071428571429 0.22093023255813954 0.10178571428571428 0.11985688729874776
38 0.8669642857142857 0.14579606440071557 0.05 0.10554561717352415
38 0.4205357142857143 0.6663685152057245 0.0625 0.10912343470483005
33 0.61875 0.6565295169946332 0.11428571428571428 0.13059033989266547
25 0.8835535714285715 0.7390161001788909 0.0760892857142857 0.12282647584973166