77 0.7053571428571429 0.2003577817531306 0.125 0.13237924865831843
33 0.14464285714285716 0.21288014311270126 0.1392857142857143 0.12880143112701253
97 0.6794642857142857 0.6529516994633273 0.1767857142857143 0.11627906976744186
67 0.29375 0.2182468694096601 0.16607142857142856 0.1449016100178891
67 0.2598214285714286 0.6073345259391771 0.175 0.13774597495527727
23 0.11607142857142858 0.629695885509839 0.11428571428571428 0.13774597495527727
38 0.4160714285714286 0.21288014311270126 0.0625 0.11806797853309481
59 0.8178571428571428 0.6520572450805009 0.05714285714285714 0.07871198568872988
43 0.39107142857142857 0.5849731663685152 0.06607142857142857 0.1037567084078712
67 0.3267857142857143 0.21645796064400716 0.09642857142857143 0.1520572450805009
59 0.7973214285714286 0.19588550983899822 0.033928571428571426 0.10912343470483005