41 0.40535714285714286 0.7066189624329159 0.06428571428571428 0.10912343470483005
55 0.15625 0.2334525939177102 0.15 0.15742397137745975
67 0.30178571428571427 0.7039355992844365 0.1357142857142857 0.1252236135957066
33 0.6473214285714286 0.19051878354203935 0.18571428571428572 0.1556350626118068
67 0.3053571428571429 0.20125223613595708 0.15 0.1592128801431127
67 0.8366071428571429 0.18962432915921287 0.19642857142857142 0.18962432915921287
99 0.5794642857142858 0.3372093023255814 0.06607142857142857 0.1735241502683363
33 0.16160714285714287 0.6976744186046512 0.14642857142857144 0.11806797853309481
91 0.7857142857142857 0.7101967799642218 0.18214285714285713 0.17889087656529518
62 0.9160714285714285 0.7271914132379249 0.044642857142857144 0.12880143112701253
62 0.418375 0.18910554561717352 0.06632142857142857 0.1379964221824687