95 0.7214285714285714 0.7307692307692307 0.2017857142857143 0.15742397137745975
85 0.6446428571428572 0.1815742397137746 0.11428571428571428 0.13059033989266547
48 0.8669642857142857 0.7370304114490162 0.04642857142857143 0.11270125223613596
67 0.34464285714285714 0.6636851520572451 0.15892857142857142 0.18425760286225404
67 0.2892857142857143 0.21377459749552774 0.14821428571428572 0.1592128801431127
67 0.7732142857142857 0.19499105545617174 0.13392857142857142 0.1413237924865832
33 0.15535714285714286 0.21556350626118068 0.12142857142857143 0.12701252236135957
38 0.39732142857142855 0.21377459749552774 0.05714285714285714 0.11985688729874776
99 0.11517857142857142 0.8237924865831843 0.060714285714285714 0.15384615384615385
33 0.17857142857142858 0.667262969588551 0.18035714285714285 0.17173524150268335
11 0.8758928571428571 0.21377459749552774 0.048214285714285716 0.10912343470483005