33 0.6241071428571429 0.6958855098389982 0.14464285714285716 0.11806797853309481
67 0.7794642857142857 0.6869409660107334 0.16785714285714284 0.148479427549195
67 0.28660714285714284 0.21914132379248658 0.16071428571428573 0.1735241502683363
55 0.13214285714285715 0.1475849731663685 0.14107142857142857 0.1556350626118068
38 0.9017857142857143 0.6779964221824687 0.060714285714285714 0.11806797853309481
55 0.17142857142857143 0.667262969588551 0.09285714285714286 0.14669051878354203
99 0.24821428571428572 0.648479427549195 0.04285714285714286 0.1449016100178891
59 0.6803571428571429 0.16815742397137745 0.07678571428571429 0.06797853309481217
31 0.4125 0.2692307692307692 0.06607142857142857 0.12164579606440072
45 0.4125 0.26833631484794274 0.06785714285714285 0.12343470483005367
89 0.6275535714285715 0.2581216457960644 0.1326607142857143 0.12266547406082288