100 0.2017857142857143 0.6350626118067979 0.2517857142857143 0.16636851520572452
67 0.7830357142857143 0.667262969588551 0.15714285714285714 0.14311270125223613
67 0.7848214285714286 0.19588550983899822 0.16785714285714284 0.1520572450805009
33 0.6303571428571428 0.19230769230769232 0.14285714285714285 0.12880143112701253
67 0.3107142857142857 0.18336314847942756 0.1625 0.16636851520572452
41 0.8991071428571429 0.6636851520572451 0.0625 0.11091234347048301
33 0.15714285714285714 0.17620751341681573 0.14642857142857144 0.16279069767441862
33 0.6366071428571428 0.6663685152057245 0.13392857142857142 0.11806797853309481
38 0.9080357142857143 0.19946332737030412 0.06428571428571428 0.11806797853309481
43 0.3669642857142857 0.5831842576028623 0.05714285714285714 0.1001788908765653
38 0.43214285714285716 0.19141323792486584 0.075 0.14311270125223613