55 0.12946428571428573 0.6547406082289803 0.16785714285714284 0.1556350626118068
33 0.13303571428571428 0.19409660107334525 0.15 0.13774597495527727
67 0.30178571428571427 0.684257602862254 0.17857142857142858 0.1806797853309481
67 0.2955357142857143 0.19767441860465115 0.175 0.16994633273703041
67 0.7883928571428571 0.23255813953488372 0.1392857142857143 0.15026833631484796
71 0.4357142857142857 0.7084078711985689 0.0625 0.1252236135957066
33 0.6535714285714286 0.2039355992844365 0.1392857142857143 0.1413237924865832
38 0.42410714285714285 0.19320214669051877 0.06785714285714285 0.13595706618962433
99 0.8857142857142857 0.240608228980322 0.055357142857142855 0.12880143112701253
40 0.6991071428571428 0.7021466905187835 0.22678571428571428 0.1520572450805009
45 0.8456607142857143 0.7078890876565295 0.07398214285714286 0.13289803220035779