67 0.7767857142857143 0.6932021466905188 0.16964285714285715 0.1449016100178891
33 0.14910714285714285 0.1967799642218247 0.13392857142857142 0.11449016100178891
33 0.61875 0.6887298747763864 0.14107142857142857 0.11091234347048301
49 0.7241071428571428 0.20840787119856888 0.175 0.18604651162790697
67 0.29464285714285715 0.20572450805008943 0.15535714285714286 0.13237924865831843
38 0.9053571428571429 0.6940966010733453 0.060714285714285714 0.1073345259391771
20 0.40714285714285714 0.2110912343470483 0.05714285714285714 0.09838998211091235
70 0.21517857142857144 0.6645796064400715 0.125 0.15742397137745975
71 0.8517857142857143 0.22093023255813954 0.04642857142857143 0.13416815742397137
103 0.30625 0.6592128801431127 0.039285714285714285 0.14669051878354203
99 0.3044642857142857 0.6601073345259392 0.039285714285714285 0.14669051878354203
103 0.30714285714285716 0.6618962432915921 0.039285714285714285 0.14311270125223613