97 0.19553571428571428 0.6806797853309481 0.11785714285714285 0.15026833631484796
62 0.2982142857142857 0.6869409660107334 0.04285714285714286 0.1073345259391771
67 0.29642857142857143 0.18604651162790697 0.175 0.16100178890876565
67 0.7660714285714286 0.21735241502683364 0.175 0.17173524150268335
33 0.13303571428571428 0.18694096601073346 0.14464285714285716 0.13059033989266547
43 0.5866071428571429 0.8148479427549195 0.06607142857142857 0.10196779964221825
16 0.75 0.6985688729874776 0.30892857142857144 0.16636851520572452
41 0.42678571428571427 0.18336314847942756 0.06785714285714285 0.12701252236135957
38 0.8973214285714286 0.20125223613595708 0.075 0.1413237924865832
33 0.6196428571428572 0.23434704830053668 0.11607142857142858 0.16457960644007155
23 0.6196428571428572 0.23792486583184258 0.11607142857142858 0.16636851520572452