67 0.7892857142857143 0.6735241502683363 0.14107142857142857 0.1592128801431127
67 0.7776785714285714 0.18783542039355994 0.15535714285714286 0.13774597495527727
33 0.6294642857142857 0.19230769230769232 0.1357142857142857 0.10912343470483005
59 0.3482142857142857 0.14669051878354203 0.055357142857142855 0.09302325581395349
38 0.8928571428571429 0.1815742397137746 0.05714285714285714 0.09660107334525939
59 0.38571428571428573 0.6323792486583184 0.06607142857142857 0.08586762075134168
11 0.8946428571428572 0.682468694096601 0.0625 0.13774597495527727
55 0.6455357142857143 0.6762075134168157 0.15 0.15026833631484796
27 0.20267857142857143 0.6422182468694096 0.26607142857142857 0.11449016100178891
33 0.6455357142857143 0.6744186046511628 0.14821428571428572 0.15026833631484796
27 0.22832142857142856 0.1558855098389982 0.18623214285714287 0.09711985688729875