73 0.19107142857142856 0.6699463327370304 0.2 0.12343470483005367
67 0.30178571428571427 0.2146690518783542 0.16428571428571428 0.148479427549195
33 0.14732142857142858 0.22093023255813954 0.1392857142857143 0.12343470483005367
98 0.3607142857142857 0.6601073345259392 0.05892857142857143 0.12164579606440072
67 0.7732142857142857 0.19051878354203935 0.16071428571428573 0.14669051878354203
33 0.6232142857142857 0.2039355992844365 0.1375 0.11985688729874776
67 0.7625 0.6699463327370304 0.14821428571428572 0.10196779964221825
33 0.6223214285714286 0.6681574239713775 0.12678571428571428 0.08765652951699464
38 0.42589285714285713 0.20661896243291591 0.0625 0.11985688729874776
38 0.8919642857142858 0.1815742397137746 0.060714285714285714 0.11270125223613596
43 0.8785714285714286 0.6699463327370304 0.048214285714285716 0.08050089445438283