57 0.20982142857142858 0.6565295169946332 0.2714285714285714 0.1449016100178891
33 0.14017857142857143 0.1967799642218247 0.1392857142857143 0.12880143112701253
67 0.29375 0.20572450805008943 0.16428571428571428 0.15026833631484796
33 0.6267857142857143 0.7093023255813954 0.13392857142857142 0.11985688729874776
67 0.775 0.7182468694096601 0.1625 0.13953488372093023
39 0.6928571428571428 0.16189624329159213 0.24107142857142858 0.11627906976744186
43 0.4044642857142857 0.6583184257602862 0.06428571428571428 0.1001788908765653
38 0.4160714285714286 0.2075134168157424 0.0625 0.11449016100178891
20 0.8910714285714286 0.7209302325581395 0.05714285714285714 0.11270125223613596
59 0.8651785714285715 0.1475849731663685 0.06428571428571428 0.09123434704830054
39 0.6928571428571428 0.16100178890876565 0.24107142857142858 0.11806797853309481