67 0.2732142857142857 0.19141323792486584 0.15535714285714286 0.14311270125223613
53 0.3892857142857143 0.19141323792486584 0.060714285714285714 0.11449016100178891
67 0.7830357142857143 0.6967799642218246 0.1767857142857143 0.16457960644007155
33 0.12857142857142856 0.18962432915921287 0.13035714285714287 0.11627906976744186
33 0.6214285714285714 0.6905187835420393 0.14464285714285716 0.1413237924865832
47 0.70625 0.1708407871198569 0.16428571428571428 0.09838998211091235
67 0.29732142857142857 0.6708407871198568 0.16071428571428573 0.1252236135957066
33 0.14821428571428572 0.6735241502683363 0.1357142857142857 0.10912343470483005
38 0.9125 0.6940966010733453 0.06607142857142857 0.12880143112701253
38 0.4142857142857143 0.6681574239713775 0.0625 0.1001788908765653
43 0.8321428571428572 0.16457960644007155 0.05714285714285714 0.08586762075134168