89 0.6883928571428571 0.2039355992844365 0.14285714285714285 0.11091234347048301
67 0.30178571428571427 0.16547406082289803 0.15892857142857142 0.1735241502683363
67 0.24642857142857144 0.6967799642218246 0.11428571428571428 0.08586762075134168
33 0.15357142857142858 0.19320214669051877 0.14107142857142857 0.1413237924865832
33 0.14017857142857143 0.6976744186046512 0.09821428571428571 0.07334525939177101
67 0.7741071428571429 0.644901610017889 0.12857142857142856 0.13953488372093023
33 0.6473214285714286 0.6878354203935599 0.13214285714285715 0.12880143112701253
59 0.7901785714285714 0.16994633273703041 0.06428571428571428 0.08228980322003578
41 0.40982142857142856 0.1475849731663685 0.07142857142857142 0.13237924865831843
38 0.33214285714285713 0.6932021466905188 0.04285714285714286 0.06797853309481217
43 0.8616071428571429 0.6207513416815742 0.05 0.11985688729874776