47 0.17857142857142858 0.6923076923076923 0.1875 0.11270125223613596
62 0.35446428571428573 0.6878354203935599 0.060714285714285714 0.1037567084078712
50 0.7696428571428572 0.7128801431127012 0.3517857142857143 0.148479427549195
67 0.7883928571428571 0.20661896243291591 0.18928571428571428 0.18425760286225404
33 0.61875 0.16279069767441862 0.15714285714285714 0.1556350626118068
43 0.6035714285714285 0.8452593917710197 0.07142857142857142 0.13774597495527727
67 0.2982142857142857 0.2262969588550984 0.14642857142857144 0.13416815742397137
33 0.15625 0.20840787119856888 0.1392857142857143 0.12701252236135957
38 0.9285714285714286 0.24239713774597496 0.07678571428571429 0.13774597495527727
55 0.15625 0.20930232558139536 0.14107142857142857 0.13059033989266547
71 0.41241071428571424 0.23679785330948122 0.060892857142857144 0.11502683363148479