68 0.6776785714285715 0.15384615384615385 0.34285714285714286 0.1806797853309481
11 0.4044642857142857 0.17173524150268335 0.04642857142857143 0.08944543828264759
67 0.29196428571428573 0.6797853309481217 0.1732142857142857 0.16636851520572452
33 0.13035714285714287 0.6851520572450805 0.14821428571428572 0.13237924865831843
33 0.6446428571428572 0.6949910554561717 0.11785714285714285 0.10554561717352415
67 0.7705357142857143 0.6887298747763864 0.1375 0.12343470483005367
67 0.30892857142857144 0.18604651162790697 0.13214285714285715 0.11985688729874776
33 0.17946428571428572 0.2101967799642218 0.12857142857142856 0.1073345259391771
20 0.8705357142857143 0.6797853309481217 0.05 0.09660107334525939
59 0.91875 0.167262969588551 0.060714285714285714 0.12343470483005367
38 0.4232142857142857 0.6762075134168157 0.06607142857142857 0.12343470483005367