83 0.7035714285714286 0.22271914132379247 0.22321428571428573 0.17173524150268335
67 0.2732142857142857 0.22093023255813954 0.15892857142857142 0.13237924865831843
67 0.7517857142857143 0.6547406082289803 0.16607142857142856 0.15742397137745975
67 0.2714285714285714 0.6413237924865832 0.18035714285714285 0.16994633273703041
23 0.6142857142857143 0.6529516994633273 0.10892857142857143 0.15026833631484796
23 0.1392857142857143 0.22003577817531306 0.10535714285714286 0.13059033989266547
23 0.12321428571428572 0.6359570661896243 0.11428571428571428 0.16279069767441862
38 0.8741071428571429 0.6547406082289803 0.06607142857142857 0.12343470483005367
38 0.39464285714285713 0.2182468694096601 0.05892857142857143 0.09838998211091235
41 0.85625 0.22898032200357782 0.05 0.11985688729874776
31 0.40535714285714286 0.6422182468694096 0.07857142857142857 0.1252236135957066