67 0.2982142857142857 0.725402504472272 0.16607142857142856 0.1556350626118068
67 0.7919642857142857 0.22093023255813954 0.1625 0.15384615384615385
55 0.11875 0.17173524150268335 0.175 0.16457960644007155
33 0.6392857142857142 0.22271914132379247 0.14464285714285716 0.13237924865831843
67 0.29196428571428573 0.16636851520572452 0.17857142857142858 0.16815742397137745
33 0.14464285714285716 0.7289803220035778 0.1375 0.12880143112701253
43 0.8473214285714286 0.682468694096601 0.05 0.07871198568872988
38 0.4205357142857143 0.723613595706619 0.06785714285714285 0.12701252236135957
42 0.6857142857142857 0.6797853309481217 0.24464285714285713 0.10196779964221825
38 0.42142857142857143 0.16636851520572452 0.07857142857142857 0.1413237924865832
38 0.9116071428571428 0.21198568872987478 0.07142857142857142 0.12880143112701253