16 0.6428571428571429 0.1735241502683363 0.17857142857142858 0.10196779964221825
100 0.20892857142857144 0.1735241502683363 0.26964285714285713 0.13774597495527727
67 0.7696428571428572 0.7119856887298748 0.16785714285714284 0.15384615384615385
67 0.7982142857142858 0.17262969588550983 0.13214285714285715 0.10912343470483005
38 0.8919642857142858 0.7012522361359571 0.06428571428571428 0.12701252236135957
43 0.3964285714285714 0.18246869409660108 0.0625 0.1073345259391771
43 0.9071428571428571 0.16815742397137745 0.05 0.08050089445438283
24 0.63125 0.7128801431127012 0.10714285714285714 0.15742397137745975
23 0.63125 0.7146690518783542 0.10892857142857143 0.1556350626118068
101 0.32589285714285715 0.7271914132379249 0.07321428571428572 0.11985688729874776
55 0.20982142857142858 0.7084078711985689 0.14821428571428572 0.14311270125223613