84 0.23214285714285715 0.6914132379248659 0.30357142857142855 0.16457960644007155
23 0.6241071428571429 0.6762075134168157 0.09642857142857143 0.12701252236135957
53 0.8767857142857143 0.1806797853309481 0.05714285714285714 0.09838998211091235
67 0.7491071428571429 0.6833631484794276 0.14821428571428572 0.13059033989266547
52 0.8642857142857143 0.6887298747763864 0.05892857142857143 0.1001788908765653
67 0.2982142857142857 0.21735241502683364 0.15357142857142858 0.1413237924865832
67 0.7669642857142858 0.2003577817531306 0.15 0.12701252236135957
33 0.15625 0.2182468694096601 0.13214285714285715 0.12164579606440072
33 0.6241071428571429 0.22361359570661896 0.13392857142857142 0.10912343470483005
43 0.15803571428571428 0.8336314847942755 0.075 0.1037567084078712
41 0.41517857142857145 0.21556350626118068 0.06785714285714285 0.11270125223613596