16 0.19375 0.6502683363148479 0.22857142857142856 0.1771019677996422
67 0.2883928571428571 0.17262969588550983 0.14642857142857144 0.14669051878354203
67 0.7267857142857143 0.22361359570661896 0.14285714285714285 0.11449016100178891
33 0.5946428571428571 0.22719141323792486 0.11964285714285715 0.09838998211091235
67 0.7508928571428571 0.7003577817531306 0.10892857142857143 0.11270125223613596
33 0.6508928571428572 0.6958855098389982 0.09464285714285714 0.09481216457960644
71 0.37589285714285714 0.6583184257602862 0.06964285714285715 0.13237924865831843
33 0.15089285714285713 0.23613595706618962 0.13214285714285715 0.13059033989266547
38 0.8330357142857143 0.2182468694096601 0.055357142857142855 0.09123434704830054
17 0.8258928571428571 0.7003577817531306 0.044642857142857144 0.08586762075134168
45 0.38839285714285715 0.12880143112701253 0.06428571428571428 0.10912343470483005