23 0.6125 0.17620751341681573 0.09107142857142857 0.11449016100178891
55 0.1455357142857143 0.2075134168157424 0.14464285714285716 0.15742397137745975
67 0.3098214285714286 0.6636851520572451 0.15178571428571427 0.18962432915921287
10 0.8580357142857142 0.2298747763864043 0.06428571428571428 0.09481216457960644
67 0.29910714285714285 0.20304114490161002 0.15178571428571427 0.17531305903398928
67 0.7375 0.20483005366726298 0.15 0.12880143112701253
67 0.75625 0.7066189624329159 0.11071428571428571 0.09302325581395349
99 0.40714285714285714 0.18962432915921287 0.060714285714285714 0.15742397137745975
33 0.6535714285714286 0.7030411449016101 0.09464285714285714 0.07871198568872988
99 0.41160714285714284 0.648479427549195 0.0625 0.18783542039355994
33 0.14642857142857144 0.6556350626118068 0.15714285714285714 0.15742397137745975
41 0.8401785714285714 0.7039355992844365 0.0375 0.06797853309481217