29 0.6660714285714285 0.7146690518783542 0.26964285714285713 0.14669051878354203
67 0.7866071428571428 0.21645796064400716 0.18035714285714285 0.16994633273703041
33 0.61875 0.20572450805008943 0.15178571428571427 0.13416815742397137
67 0.30089285714285713 0.7093023255813954 0.18392857142857144 0.148479427549195
67 0.29464285714285715 0.2039355992844365 0.17142857142857143 0.16100178890876565
33 0.13660714285714284 0.20304114490161002 0.14464285714285716 0.13416815742397137
33 0.12678571428571428 0.7379248658318426 0.16607142857142856 0.12164579606440072
41 0.9241071428571429 0.22182468694096602 0.06964285714285715 0.11985688729874776
48 0.4401785714285714 0.6905187835420393 0.08392857142857142 0.1252236135957066
43 0.9053571428571429 0.6932021466905188 0.1 0.11806797853309481
38 0.4205357142857143 0.19856887298747763 0.06785714285714285 0.12164579606440072