73 0.2044642857142857 0.18783542039355994 0.2017857142857143 0.13774597495527727
67 0.275 0.6806797853309481 0.18035714285714285 0.13953488372093023
60 0.6991071428571428 0.6967799642218246 0.11785714285714285 0.18425760286225404
38 0.40535714285714286 0.6413237924865832 0.06607142857142857 0.1037567084078712
43 0.3482142857142857 0.1449016100178891 0.0625 0.09481216457960644
24 0.125 0.7245080500894454 0.11964285714285715 0.13774597495527727
23 0.12678571428571428 0.725402504472272 0.11964285714285715 0.13774597495527727
45 0.8276785714285714 0.19856887298747763 0.07142857142857142 0.11985688729874776
10 0.7964285714285714 0.6985688729874776 0.05178571428571429 0.11627906976744186
45 0.8276785714285714 0.19856887298747763 0.06964285714285715 0.12164579606440072
13 0.7026785714285714 0.1967799642218247 0.16785714285714284 0.1520572450805009