67 0.8455357142857143 0.1806797853309481 0.16785714285714284 0.20930232558139536
33 0.6696428571428571 0.16279069767441862 0.18571428571428572 0.17173524150268335
33 0.14732142857142858 0.22003577817531306 0.1392857142857143 0.11985688729874776
67 0.2741071428571429 0.7075134168157424 0.15892857142857142 0.1556350626118068
67 0.7892857142857143 0.686046511627907 0.16428571428571428 0.15742397137745975
67 0.3026785714285714 0.23613595706618962 0.16785714285714284 0.14669051878354203
33 0.12946428571428573 0.6574239713774598 0.125 0.12880143112701253
45 0.39464285714285713 0.7415026833631485 0.06964285714285715 0.11270125223613596
33 0.6357142857142857 0.6851520572450805 0.14107142857142857 0.13237924865831843
38 0.9098214285714286 0.6797853309481217 0.06428571428571428 0.1252236135957066
38 0.42857142857142855 0.23971377459749552 0.0625 0.11985688729874776
99 0.5875 0.3291592128801431 0.05892857142857143 0.1520572450805009