100 0.2044642857142857 0.15831842576028624 0.25 0.12343470483005367
67 0.78125 0.22093023255813954 0.15714285714285714 0.1413237924865832
67 0.775 0.7003577817531306 0.16071428571428573 0.148479427549195
67 0.28482142857142856 0.6976744186046512 0.15535714285714286 0.1449016100178891
33 0.14285714285714285 0.7182468694096601 0.125 0.11806797853309481
33 0.6339285714285714 0.21645796064400716 0.1375 0.11806797853309481
33 0.6223214285714286 0.6994633273703041 0.14642857142857144 0.12701252236135957
59 0.3776785714285714 0.15742397137745975 0.060714285714285714 0.08586762075134168
41 0.9008928571428572 0.21735241502683364 0.05892857142857143 0.1073345259391771
38 0.8919642857142858 0.7084078711985689 0.0625 0.11627906976744186
38 0.3982142857142857 0.6851520572450805 0.06428571428571428 0.12164579606440072