46 0.21696428571428572 0.1815742397137746 0.26071428571428573 0.11270125223613596
67 0.7866071428571428 0.20125223613595708 0.16964285714285715 0.16457960644007155
33 0.6258928571428571 0.20214669051878353 0.15 0.13237924865831843
33 0.15089285714285713 0.7075134168157424 0.12321428571428572 0.12343470483005367
67 0.2892857142857143 0.7182468694096601 0.15178571428571427 0.13774597495527727
67 0.7758928571428572 0.7101967799642218 0.12321428571428572 0.10912343470483005
33 0.6651785714285714 0.6645796064400715 0.10178571428571428 0.09481216457960644
38 0.9151785714285714 0.19141323792486584 0.06607142857142857 0.12164579606440072
38 0.8669642857142857 0.7486583184257602 0.044642857142857144 0.07513416815742398
43 0.39107142857142857 0.1806797853309481 0.05714285714285714 0.09123434704830054
11 0.40089285714285716 0.7173524150268337 0.05178571428571429 0.11091234347048301