33 0.6428571428571429 0.6735241502683363 0.12321428571428572 0.11270125223613596
67 0.7785714285714286 0.6735241502683363 0.14821428571428572 0.12880143112701253
67 0.8044642857142857 0.19409660107334525 0.15357142857142858 0.148479427549195
33 0.6473214285714286 0.2629695885509839 0.15178571428571427 0.13416815742397137
67 0.31339285714285714 0.21198568872987478 0.1375 0.1556350626118068
25 0.4089285714285714 0.6645796064400715 0.05357142857142857 0.13774597495527727
93 0.24017857142857144 0.6493738819320215 0.23392857142857143 0.17173524150268335
55 0.1732142857142857 0.21377459749552774 0.14821428571428572 0.14311270125223613
38 0.9151785714285714 0.14937388193202147 0.06607142857142857 0.11627906976744186
71 0.4107142857142857 0.2146690518783542 0.05714285714285714 0.12701252236135957
20 0.8875 0.6681574239713775 0.05357142857142857 0.1001788908765653
43 0.41160714285714284 0.2146690518783542 0.05892857142857143 0.12880143112701253