55 0.65 0.24597495527728086 0.13392857142857142 0.15384615384615385
67 0.7848214285714286 0.6869409660107334 0.16428571428571428 0.148479427549195
67 0.29910714285714285 0.19230769230769232 0.16964285714285715 0.16279069767441862
67 0.7919642857142857 0.2334525939177102 0.14821428571428572 0.16100178890876565
33 0.6285714285714286 0.6878354203935599 0.14464285714285716 0.12164579606440072
33 0.14107142857142857 0.19409660107334525 0.14642857142857144 0.13059033989266547
99 0.8875 0.21377459749552774 0.055357142857142855 0.13953488372093023
53 0.42410714285714285 0.19051878354203935 0.06785714285714285 0.12701252236135957
59 0.3875 0.6404293381037567 0.05892857142857143 0.08050089445438283
38 0.9089285714285714 0.6815742397137746 0.0625 0.11091234347048301
100 0.23125 0.6493738819320215 0.2357142857142857 0.11270125223613596