67 0.30357142857142855 0.19051878354203935 0.1732142857142857 0.1449016100178891
33 0.14107142857142857 0.19946332737030412 0.14821428571428572 0.11270125223613596
67 0.7464285714285714 0.21198568872987478 0.1392857142857143 0.11627906976744186
67 0.2910714285714286 0.6833631484794276 0.13035714285714287 0.17173524150268335
33 0.6196428571428572 0.1779964221824687 0.11071428571428571 0.1001788908765653
67 0.7714285714285715 0.7128801431127012 0.1375 0.11449016100178891
33 0.6428571428571429 0.7576028622540251 0.12678571428571428 0.10196779964221825
33 0.175 0.6806797853309481 0.10714285714285714 0.1449016100178891
38 0.43392857142857144 0.1806797853309481 0.0625 0.10912343470483005
41 0.8535714285714285 0.23524150268336314 0.05 0.08228980322003578
38 0.8678571428571429 0.6797853309481217 0.048214285714285716 0.08944543828264759
41 0.38125 0.682468694096601 0.05714285714285714 0.13595706618962433