33 0.1392857142857143 0.684257602862254 0.14821428571428572 0.13237924865831843
67 0.29910714285714285 0.6788908765652951 0.16964285714285715 0.16815742397137745
67 0.30178571428571427 0.16815742397137745 0.1767857142857143 0.15026833631484796
67 0.7803571428571429 0.6771019677996423 0.18392857142857144 0.16100178890876565
33 0.1357142857142857 0.2039355992844365 0.15892857142857142 0.13595706618962433
33 0.6089285714285714 0.7173524150268337 0.15714285714285714 0.13953488372093023
104 0.6982142857142857 0.19499105545617174 0.19107142857142856 0.10912343470483005
43 0.85 0.19946332737030412 0.05 0.08050089445438283
53 0.42857142857142855 0.6744186046511628 0.06428571428571428 0.12880143112701253
38 0.9125 0.648479427549195 0.06785714285714285 0.1252236135957066
38 0.4294642857142857 0.13864042933810375 0.0625 0.11627906976744186