33 0.14464285714285716 0.6645796064400715 0.13392857142857142 0.12701252236135957
37 0.7035714285714286 0.1735241502683363 0.16785714285714284 0.13416815742397137
67 0.29732142857142857 0.6878354203935599 0.16785714285714284 0.1556350626118068
23 0.6401785714285714 0.7084078711985689 0.09821428571428571 0.11270125223613596
67 0.7607142857142857 0.6771019677996423 0.14642857142857144 0.13774597495527727
38 0.425 0.7012522361359571 0.06607142857142857 0.11985688729874776
43 0.8419642857142857 0.18604651162790697 0.05178571428571429 0.10196779964221825
41 0.8633928571428572 0.6610017889087657 0.055357142857142855 0.10196779964221825
32 0.09398214285714286 0.2761717352415027 0.1064642857142857 0.1858139534883721
67 0.20430357142857142 0.28293381037567084 0.10807142857142858 0.22318425760286226
20 0.27948214285714285 0.27259391771019675 0.06483928571428572 0.18660107334525938