55 0.19464285714285715 0.17262969588550983 0.19107142857142856 0.16100178890876565
32 0.31339285714285714 0.686046511627907 0.04285714285714286 0.08944543828264759
67 0.3625 0.16994633273703041 0.15357142857142858 0.17889087656529518
20 0.8705357142857143 0.6762075134168157 0.05 0.09302325581395349
67 0.7705357142857143 0.684257602862254 0.1392857142857143 0.11985688729874776
67 0.7642857142857142 0.21556350626118068 0.12857142857142856 0.1413237924865832
57 0.19910714285714284 0.6833631484794276 0.15535714285714286 0.13595706618962433
33 0.6419642857142858 0.21556350626118068 0.1125 0.12164579606440072
33 0.6383928571428571 0.6940966010733453 0.125 0.10196779964221825
99 0.11696428571428572 0.32558139534883723 0.07678571428571429 0.17889087656529518
38 0.8580357142857142 0.21288014311270126 0.05357142857142857 0.11270125223613596