67 0.3026785714285714 0.21288014311270126 0.15357142857142858 0.1520572450805009
67 0.29285714285714287 0.6914132379248659 0.18214285714285713 0.1592128801431127
67 0.7794642857142857 0.686046511627907 0.15892857142857142 0.1556350626118068
33 0.6285714285714286 0.684257602862254 0.14285714285714285 0.12701252236135957
33 0.12410714285714286 0.6788908765652951 0.15178571428571427 0.12701252236135957
67 0.7848214285714286 0.21645796064400716 0.14464285714285716 0.13953488372093023
33 0.15892857142857142 0.21288014311270126 0.13214285714285715 0.12880143112701253
33 0.6491071428571429 0.2075134168157424 0.125 0.11985688729874776
53 0.8991071428571429 0.6797853309481217 0.060714285714285714 0.11985688729874776
38 0.8919642857142858 0.21914132379248658 0.0625 0.11091234347048301
38 0.43125 0.6940966010733453 0.06607142857142857 0.1252236135957066
11 0.4160714285714286 0.20840787119856888 0.055357142857142855 0.11449016100178891