72 0.6785714285714286 0.682468694096601 0.21071428571428572 0.1520572450805009
10 0.8455357142857143 0.7066189624329159 0.07678571428571429 0.11091234347048301
48 0.4035714285714286 0.6583184257602862 0.055357142857142855 0.09660107334525939
67 0.76875 0.18962432915921287 0.15892857142857142 0.15026833631484796
67 0.2857142857142857 0.20661896243291591 0.15714285714285714 0.14669051878354203
33 0.14107142857142857 0.2039355992844365 0.13214285714285715 0.11806797853309481
67 0.29642857142857143 0.6610017889087657 0.13392857142857142 0.11806797853309481
33 0.61875 0.19320214669051877 0.14642857142857144 0.1252236135957066
33 0.16339285714285715 0.6583184257602862 0.12857142857142856 0.10912343470483005
38 0.40089285714285716 0.20930232558139536 0.05892857142857143 0.11270125223613596
99 0.8732142857142857 0.18783542039355994 0.06607142857142857 0.14669051878354203