55 0.6785714285714286 0.18783542039355994 0.19285714285714287 0.1592128801431127
67 0.30714285714285716 0.19320214669051877 0.16071428571428573 0.14311270125223613
67 0.7598214285714285 0.6797853309481217 0.19107142857142856 0.17531305903398928
23 0.5991071428571428 0.669051878354204 0.12857142857142856 0.1592128801431127
67 0.8446428571428571 0.14669051878354203 0.14642857142857144 0.148479427549195
99 0.6178571428571429 0.3336314847942755 0.06785714285714285 0.16636851520572452
33 0.14910714285714285 0.21198568872987478 0.15357142857142858 0.12164579606440072
33 0.10357142857142858 0.6923076923076923 0.14107142857142857 0.09660107334525939
32 0.9017857142857143 0.6932021466905188 0.07678571428571429 0.13416815742397137
71 0.42232142857142857 0.1815742397137746 0.05714285714285714 0.11091234347048301
67 0.24732142857142858 0.6457960644007156 0.16428571428571428 0.1073345259391771
43 0.36607142857142855 0.6091234347048301 0.0625 0.08407871198568873