102 0.7008928571428571 0.22003577817531306 0.24464285714285713 0.1592128801431127
67 0.79375 0.6636851520572451 0.18214285714285713 0.15384615384615385
67 0.2883928571428571 0.6806797853309481 0.15892857142857142 0.1556350626118068
33 0.15178571428571427 0.20304114490161002 0.13214285714285715 0.12880143112701253
67 0.29464285714285715 0.2146690518783542 0.15535714285714286 0.14311270125223613
33 0.6232142857142857 0.6985688729874776 0.15892857142857142 0.12880143112701253
33 0.1375 0.6923076923076923 0.1375 0.12164579606440072
31 0.4080357142857143 0.2110912343470483 0.0625 0.10912343470483005
101 0.8875 0.22093023255813954 0.05 0.10912343470483005
38 0.9267857142857143 0.6404293381037567 0.06428571428571428 0.11985688729874776
38 0.4089285714285714 0.6717352415026834 0.060714285714285714 0.12164579606440072