76 0.24910714285714286 0.17620751341681573 0.2785714285714286 0.17889087656529518
67 0.29017857142857145 0.6806797853309481 0.1625 0.16994633273703041
67 0.7678571428571429 0.19320214669051877 0.13392857142857142 0.13237924865831843
33 0.14375 0.6377459749552773 0.13214285714285715 0.1449016100178891
67 0.7821428571428571 0.6788908765652951 0.15178571428571427 0.12701252236135957
41 0.8946428571428572 0.6717352415026834 0.05714285714285714 0.09481216457960644
33 0.6446428571428572 0.1806797853309481 0.11785714285714285 0.11270125223613596
33 0.6419642857142858 0.6878354203935599 0.12857142857142856 0.10554561717352415
59 0.10714285714285714 0.36583184257602863 0.07321428571428572 0.12343470483005367
38 0.86875 0.20483005366726298 0.05714285714285714 0.09838998211091235
52 0.4107142857142857 0.7030411449016101 0.06785714285714285 0.12343470483005367