94 0.70625 0.7110912343470484 0.14464285714285716 0.15742397137745975
55 0.13660714285714284 0.26118067978533094 0.125 0.13953488372093023
67 0.2571428571428571 0.24865831842576028 0.11428571428571428 0.13774597495527727
67 0.3357142857142857 0.740608228980322 0.13392857142857142 0.10196779964221825
33 0.21071428571428572 0.7459749552772809 0.12142857142857143 0.09302325581395349
59 0.8285714285714286 0.6985688729874776 0.05 0.10912343470483005
98 0.3580357142857143 0.23434704830053668 0.039285714285714285 0.14669051878354203
33 0.6719285714285714 0.25402504472271914 0.04385714285714285 0.07155635062611806
67 0.7292678571428571 0.2535241502683363 0.041482142857142856 0.07155635062611806
38 0.4348214285714286 0.7298747763864043 0.05 0.08407871198568873
53 0.76775 0.2530948121645796 0.02880357142857143 0.056189624329159214