55 0.6491071428571429 0.7468694096601073 0.1357142857142857 0.12164579606440072
47 0.22589285714285715 0.7012522361359571 0.15357142857142858 0.12343470483005367
67 0.7571428571428571 0.19588550983899822 0.15892857142857142 0.16457960644007155
67 0.7803571428571429 0.7316636851520573 0.12678571428571428 0.12343470483005367
33 0.17410714285714285 0.20304114490161002 0.11607142857142858 0.12343470483005367
33 0.6089285714285714 0.20572450805008943 0.14107142857142857 0.13237924865831843
67 0.30625 0.20214669051878353 0.15357142857142858 0.13953488372093023
99 0.33839285714285716 0.6833631484794276 0.05 0.12880143112701253
38 0.8714285714285714 0.18783542039355994 0.06607142857142857 0.12701252236135957
45 0.8723214285714286 0.721824686940966 0.05357142857142857 0.09123434704830054
20 0.4133928571428571 0.19767441860465115 0.06428571428571428 0.10912343470483005