16 0.6964285714285714 0.2182468694096601 0.28035714285714286 0.148479427549195
33 0.14107142857142857 0.20304114490161002 0.14285714285714285 0.13237924865831843
67 0.7803571428571429 0.6815742397137746 0.18214285714285713 0.16815742397137745
33 0.6089285714285714 0.682468694096601 0.15357142857142858 0.13595706618962433
67 0.29910714285714285 0.20930232558139536 0.17142857142857143 0.16815742397137745
67 0.29017857142857145 0.8202146690518783 0.1392857142857143 0.06440071556350627
33 0.15803571428571428 0.8148479427549195 0.11785714285714285 0.059033989266547404
41 0.4294642857142857 0.21645796064400716 0.07142857142857142 0.13059033989266547
38 0.9169642857142857 0.6806797853309481 0.06785714285714285 0.12880143112701253
38 0.3964285714285714 0.8228980322003577 0.05178571428571429 0.05008944543828265
59 0.8866071428571428 0.1744186046511628 0.08035714285714286 0.1001788908765653