58 0.2517857142857143 0.669051878354204 0.12857142857142856 0.17173524150268335
67 0.29642857142857143 0.22361359570661896 0.16785714285714284 0.16100178890876565
33 0.13839285714285715 0.21198568872987478 0.1392857142857143 0.13595706618962433
67 0.7732142857142857 0.22182468694096602 0.15892857142857142 0.12164579606440072
11 0.35535714285714287 0.6663685152057245 0.05 0.11091234347048301
20 0.8901785714285714 0.21377459749552774 0.05357142857142857 0.08944543828264759
67 0.7732142857142857 0.6762075134168157 0.15 0.15026833631484796
33 0.6267857142857143 0.22808586762075134 0.13392857142857142 0.1037567084078712
33 0.6339285714285714 0.6976744186046512 0.1375 0.12701252236135957
38 0.42142857142857143 0.22719141323792486 0.06785714285714285 0.13237924865831843
53 0.875 0.6636851520572451 0.06785714285714285 0.11985688729874776