94 0.7098214285714286 0.6663685152057245 0.22142857142857142 0.11449016100178891
33 0.15892857142857142 0.7137745974955277 0.1375 0.13059033989266547
67 0.2883928571428571 0.20661896243291591 0.18571428571428572 0.17531305903398928
67 0.3 0.6923076923076923 0.14642857142857144 0.1556350626118068
67 0.76875 0.18336314847942756 0.15535714285714286 0.11270125223613596
33 0.6223214285714286 0.16994633273703041 0.12857142857142856 0.09302325581395349
33 0.12410714285714286 0.148479427549195 0.14107142857142857 0.1449016100178891
38 0.43125 0.24597495527728086 0.075 0.12343470483005367
53 0.8892857142857142 0.18962432915921287 0.05178571428571429 0.08228980322003578
59 0.8758928571428571 0.6663685152057245 0.0625 0.08407871198568873
99 0.40714285714285714 0.6762075134168157 0.06785714285714285 0.1252236135957066