34 0.7 0.167262969588551 0.2839285714285714 0.16279069767441862
44 0.6732142857142858 0.6457960644007156 0.11071428571428571 0.18246869409660108
67 0.2883928571428571 0.6833631484794276 0.14821428571428572 0.1592128801431127
33 0.15089285714285713 0.6932021466905188 0.125 0.13237924865831843
67 0.2883928571428571 0.22003577817531306 0.14642857142857144 0.1449016100178891
33 0.15178571428571427 0.24508050089445438 0.12678571428571428 0.12880143112701253
48 0.7625 0.6547406082289803 0.048214285714285716 0.14311270125223613
43 0.8946428571428572 0.18604651162790697 0.055357142857142855 0.09660107334525939
45 0.4 0.6797853309481217 0.06428571428571428 0.12164579606440072
41 0.3982142857142857 0.20214669051878353 0.05892857142857143 0.11627906976744186
31 0.4 0.6797853309481217 0.0625 0.12164579606440072