46 0.22053571428571428 0.6797853309481217 0.25535714285714284 0.13774597495527727
52 0.40982142857142856 0.6717352415026834 0.05714285714285714 0.09838998211091235
55 0.13839285714285715 0.16547406082289803 0.12857142857142856 0.10554561717352415
67 0.7973214285714286 0.1967799642218247 0.1392857142857143 0.13059033989266547
67 0.26875 0.1547406082289803 0.13214285714285715 0.10912343470483005
67 0.8035714285714286 0.6753130590339893 0.15178571428571427 0.13416815742397137
33 0.6669642857142857 0.1779964221824687 0.11964285714285715 0.10912343470483005
33 0.6642857142857143 0.6431127012522362 0.12142857142857143 0.10912343470483005
41 0.90625 0.21377459749552774 0.05178571428571429 0.09123434704830054
38 0.91875 0.6976744186046512 0.05892857142857143 0.09302325581395349
43 0.3732142857142857 0.1556350626118068 0.04642857142857143 0.08586762075134168