55 0.6232142857142857 0.6502683363148479 0.13214285714285715 0.1001788908765653
67 0.27767857142857144 0.21914132379248658 0.16785714285714284 0.16100178890876565
67 0.7517857142857143 0.6377459749552773 0.13214285714285715 0.10554561717352415
67 0.29642857142857143 0.6896243291592129 0.16071428571428573 0.1556350626118068
33 0.14375 0.6806797853309481 0.1375 0.12164579606440072
33 0.12857142857142856 0.19767441860465115 0.13392857142857142 0.13059033989266547
20 0.4044642857142857 0.22898032200357782 0.07321428571428572 0.13059033989266547
43 0.8589285714285714 0.6386404293381037 0.044642857142857144 0.08407871198568873
99 0.5857142857142857 0.3041144901610018 0.060714285714285714 0.16815742397137745
20 0.41964285714285715 0.6905187835420393 0.0625 0.11091234347048301
47 0.7410714285714286 0.1556350626118068 0.2910714285714286 0.17531305903398928