97 0.6973214285714285 0.7003577817531306 0.15 0.08765652951699464
33 0.6223214285714286 0.1851520572450805 0.14285714285714285 0.13953488372093023
67 0.7848214285714286 0.21377459749552774 0.17857142857142858 0.16815742397137745
67 0.3026785714285714 0.6762075134168157 0.15892857142857142 0.1449016100178891
33 0.15892857142857142 0.19856887298747763 0.125 0.10554561717352415
67 0.2892857142857143 0.20840787119856888 0.1375 0.12343470483005367
33 0.15267857142857144 0.6788908765652951 0.14107142857142857 0.11985688729874776
43 0.40267857142857144 0.22361359570661896 0.0625 0.10196779964221825
59 0.8107142857142857 0.6994633273703041 0.05357142857142857 0.06440071556350627
38 0.91875 0.2262969588550984 0.06964285714285715 0.13237924865831843
53 0.42232142857142857 0.6717352415026834 0.06428571428571428 0.11270125223613596