67 0.7776785714285714 0.7003577817531306 0.15714285714285714 0.148479427549195
67 0.3107142857142857 0.6851520572450805 0.15535714285714286 0.1449016100178891
67 0.29017857142857145 0.21198568872987478 0.19107142857142856 0.16815742397137745
33 0.6705357142857142 0.2558139534883721 0.08392857142857142 0.07334525939177101
33 0.12232142857142857 0.16636851520572452 0.14821428571428572 0.13774597495527727
33 0.6294642857142857 0.6940966010733453 0.1375 0.12164579606440072
33 0.1669642857142857 0.7271914132379249 0.1392857142857143 0.13059033989266547
67 0.7642857142857142 0.2262969588550984 0.1 0.08228980322003578
38 0.43839285714285714 0.2441860465116279 0.075 0.12701252236135957
38 0.9017857142857143 0.7021466905187835 0.05892857142857143 0.11627906976744186
17 0.8348214285714286 0.2003577817531306 0.0375 0.06082289803220036
45 0.41875 0.6610017889087657 0.06607142857142857 0.11270125223613596