78 0.7285714285714285 0.15384615384615385 0.18214285714285713 0.1413237924865832
67 0.2875 0.18425760286225404 0.16428571428571428 0.18425760286225404
67 0.2857142857142857 0.7155635062611807 0.15535714285714286 0.13774597495527727
55 0.12321428571428572 0.7280858676207513 0.16428571428571428 0.13416815742397137
33 0.13214285714285715 0.2039355992844365 0.14464285714285716 0.14669051878354203
67 0.78125 0.6976744186046512 0.1732142857142857 0.07871198568872988
33 0.6142857142857143 0.6958855098389982 0.14642857142857144 0.06797853309481217
98 0.43839285714285714 0.6994633273703041 0.05357142857142857 0.13416815742397137
38 0.9178571428571428 0.6994633273703041 0.060714285714285714 0.06082289803220036
38 0.40267857142857144 0.16994633273703041 0.06785714285714285 0.13953488372093023
52 0.8589285714285714 0.16547406082289803 0.05 0.10554561717352415