55 0.14642857142857144 0.2504472271914132 0.14107142857142857 0.11270125223613596
47 0.7044642857142858 0.17978533094812166 0.21607142857142858 0.09838998211091235
67 0.7919642857142857 0.7003577817531306 0.12678571428571428 0.1252236135957066
67 0.26964285714285713 0.6565295169946332 0.15535714285714286 0.11449016100178891
33 0.12946428571428573 0.6645796064400715 0.125 0.09838998211091235
67 0.2910714285714286 0.2522361359570662 0.14464285714285716 0.12701252236135957
33 0.675 0.6878354203935599 0.11071428571428571 0.1073345259391771
43 0.3892857142857143 0.6547406082289803 0.06785714285714285 0.1001788908765653
43 0.8625 0.15295169946332737 0.06428571428571428 0.08228980322003578
99 0.39375 0.24776386404293382 0.0625 0.11091234347048301
38 0.8857142857142857 0.7110912343470484 0.055357142857142855 0.09481216457960644