72 0.22053571428571428 0.6994633273703041 0.11607142857142858 0.14669051878354203
101 0.3205357142857143 0.7101967799642218 0.04285714285714286 0.1037567084078712
33 0.12678571428571428 0.21914132379248658 0.16785714285714284 0.148479427549195
67 0.7714285714285715 0.19946332737030412 0.19642857142857142 0.17173524150268335
67 0.7866071428571428 0.7093023255813954 0.1767857142857143 0.16815742397137745
33 0.59375 0.15831842576028624 0.15357142857142858 0.1449016100178891
67 0.30714285714285716 0.19051878354203935 0.18928571428571428 0.16815742397137745
33 0.6223214285714286 0.7012522361359571 0.15 0.1449016100178891
38 0.9267857142857143 0.22450805008944544 0.075 0.12701252236135957
38 0.9151785714285714 0.7101967799642218 0.06607142857142857 0.13237924865831843
38 0.44375 0.16636851520572452 0.07321428571428572 0.13416815742397137