19 0.2294642857142857 0.22003577817531306 0.32857142857142857 0.15742397137745975
33 0.6196428571428572 0.18962432915921287 0.15 0.13595706618962433
67 0.7848214285714286 0.19856887298747763 0.1732142857142857 0.16994633273703041
67 0.2955357142857143 0.6762075134168157 0.14642857142857144 0.15384615384615385
33 0.1455357142857143 0.6762075134168157 0.15714285714285714 0.13237924865831843
99 0.44642857142857145 0.21735241502683364 0.05892857142857143 0.13953488372093023
67 0.7366071428571429 0.7057245080500895 0.08214285714285714 0.08050089445438283
38 0.4160714285714286 0.6788908765652951 0.06607142857142857 0.11985688729874776
33 0.6625 0.7110912343470484 0.06785714285714285 0.06618962432915922
38 0.9116071428571428 0.19409660107334525 0.06964285714285715 0.12343470483005367
38 0.7955357142857142 0.7003577817531306 0.033928571428571426 0.06440071556350627