102 0.21160714285714285 0.21645796064400716 0.275 0.17531305903398928
67 0.8053571428571429 0.6896243291592129 0.14821428571428572 0.16636851520572452
55 0.19196428571428573 0.6681574239713775 0.16071428571428573 0.16100178890876565
67 0.34910714285714284 0.6806797853309481 0.15892857142857142 0.17889087656529518
33 0.6616071428571428 0.6833631484794276 0.14107142857142857 0.1592128801431127
67 0.7875 0.2003577817531306 0.1625 0.148479427549195
101 0.4142857142857143 0.21914132379248658 0.0625 0.13595706618962433
33 0.6392857142857142 0.2039355992844365 0.1357142857142857 0.12164579606440072
99 0.13660714285714284 0.8085867620751341 0.06785714285714285 0.13953488372093023
41 0.90625 0.1967799642218247 0.06964285714285715 0.11806797853309481
43 0.6125 0.8345259391771019 0.08392857142857142 0.1413237924865832
11 0.6133928571428572 0.8363148479427549 0.08392857142857142 0.1413237924865832