33 0.60625 0.24597495527728086 0.18035714285714285 0.13595706618962433
67 0.7866071428571428 0.16636851520572452 0.18392857142857144 0.148479427549195
38 0.9241071428571429 0.10286225402504472 0.07142857142857142 0.10554561717352415
47 0.21428571428571427 0.6547406082289803 0.175 0.13595706618962433
43 0.3517857142857143 0.6958855098389982 0.05357142857142857 0.08407871198568873
101 0.8901785714285714 0.669051878354204 0.06785714285714285 0.09123434704830054
101 0.8910714285714286 0.669051878354204 0.06785714285714285 0.08944543828264759
40 0.21428571428571427 0.22003577817531306 0.33214285714285713 0.1967799642218247
74 0.675 0.6753130590339893 0.3 0.12164579606440072
47 0.21517857142857144 0.6574239713774598 0.1732142857142857 0.13595706618962433
101 0.42857142857142855 0.2261717352415027 0.10203571428571429 0.20699463327370304