61 0.74375 0.6779964221824687 0.20535714285714285 0.16100178890876565
17 0.8892857142857142 0.6914132379248659 0.048214285714285716 0.11270125223613596
67 0.28660714285714284 0.22808586762075134 0.16964285714285715 0.1520572450805009
55 0.6401785714285714 0.2558139534883721 0.15892857142857142 0.13953488372093023
67 0.7919642857142857 0.19588550983899822 0.15 0.13416815742397137
67 0.2625 0.6627906976744186 0.16071428571428573 0.12164579606440072
23 0.13125 0.6967799642218246 0.11607142857142858 0.12701252236135957
23 0.14821428571428572 0.23255813953488372 0.10535714285714286 0.15026833631484796
38 0.4089285714285714 0.21914132379248658 0.06785714285714285 0.13059033989266547
43 0.3767857142857143 0.6332737030411449 0.06428571428571428 0.09660107334525939
11 0.9 0.16815742397137745 0.055357142857142855 0.09481216457960644