31 0.3875 0.7227191413237924 0.05714285714285714 0.09302325581395349
55 0.1625 0.7459749552772809 0.1375 0.12343470483005367
67 0.29375 0.20304114490161002 0.17857142857142858 0.15742397137745975
33 0.12678571428571428 0.19409660107334525 0.15178571428571427 0.12701252236135957
33 0.6392857142857142 0.21377459749552774 0.14464285714285716 0.12164579606440072
67 0.7955357142857142 0.19409660107334525 0.16428571428571428 0.13953488372093023
67 0.29642857142857143 0.7325581395348837 0.12857142857142856 0.1252236135957066
67 0.75625 0.6923076923076923 0.13035714285714287 0.11091234347048301
38 0.42857142857142855 0.19946332737030412 0.06428571428571428 0.1252236135957066
38 0.9169642857142857 0.17173524150268335 0.060714285714285714 0.11091234347048301
33 0.6330357142857143 0.7245080500894454 0.13035714285714287 0.09838998211091235
38 0.8446428571428571 0.6708407871198568 0.05714285714285714 0.08944543828264759