36 0.6678571428571428 0.18604651162790697 0.1357142857142857 0.11985688729874776
98 0.45 0.18425760286225404 0.05 0.12880143112701253
33 0.6196428571428572 0.6994633273703041 0.14642857142857144 0.13416815742397137
55 0.18303571428571427 0.20661896243291591 0.1375 0.13774597495527727
67 0.3205357142857143 0.19320214669051877 0.13392857142857142 0.13595706618962433
67 0.29910714285714285 0.6851520572450805 0.18035714285714285 0.17173524150268335
33 0.13035714285714287 0.6923076923076923 0.15178571428571427 0.13595706618962433
67 0.78125 0.7003577817531306 0.175 0.16636851520572452
10 0.7714285714285715 0.18962432915921287 0.03571428571428571 0.08586762075134168
41 0.9107142857142857 0.6932021466905188 0.06607142857142857 0.12701252236135957
38 0.43392857142857144 0.6788908765652951 0.075 0.13595706618962433