86 0.23839285714285716 0.6565295169946332 0.21607142857142858 0.10912343470483005
67 0.7866071428571428 0.6726296958855098 0.18392857142857144 0.16815742397137745
67 0.31339285714285714 0.18694096601073346 0.19464285714285715 0.1556350626118068
23 0.6303571428571428 0.1779964221824687 0.10535714285714286 0.12701252236135957
33 0.6160714285714286 0.6717352415026834 0.15 0.13237924865831843
33 0.13392857142857142 0.2262969588550984 0.1625 0.13237924865831843
67 0.7633928571428571 0.1779964221824687 0.1625 0.13595706618962433
38 0.9241071428571429 0.669051878354204 0.06785714285714285 0.12880143112701253
38 0.45982142857142855 0.16368515205724507 0.06964285714285715 0.11985688729874776
62 0.8839285714285714 0.18246869409660108 0.06607142857142857 0.1073345259391771
43 0.3919642857142857 0.6574239713774598 0.048214285714285716 0.08228980322003578