85 0.11517857142857142 0.646690518783542 0.125 0.09838998211091235
55 0.6991071428571428 0.6878354203935599 0.10714285714285714 0.12164579606440072
67 0.26964285714285713 0.6440071556350626 0.16428571428571428 0.11091234347048301
33 0.6214285714285714 0.22003577817531306 0.09285714285714286 0.06797853309481217
99 0.7910714285714285 0.6744186046511628 0.044642857142857144 0.11985688729874776
67 0.7258928571428571 0.22003577817531306 0.1125 0.07692307692307693
35 0.4125 0.6395348837209303 0.05 0.08050089445438283
67 0.23660714285714285 0.1735241502683363 0.06964285714285715 0.0626118067978533
33 0.16964285714285715 0.16815742397137745 0.0625 0.057245080500894455
53 0.8098214285714286 0.21645796064400716 0.04107142857142857 0.0626118067978533
53 0.2883928571428571 0.17620751341681573 0.030357142857142857 0.05366726296958855