55 0.6535714285714286 0.19320214669051877 0.20892857142857144 0.1449016100178891
55 0.17946428571428572 0.6618962432915921 0.19642857142857142 0.16100178890876565
67 0.8401785714285714 0.18336314847942756 0.1625 0.15742397137745975
67 0.36160714285714285 0.6377459749552773 0.16964285714285715 0.1806797853309481
67 0.7946428571428571 0.6618962432915921 0.15357142857142858 0.1449016100178891
55 0.6366071428571428 0.7325581395348837 0.16071428571428573 0.15742397137745975
99 0.10803571428571429 0.813953488372093 0.07678571428571429 0.17889087656529518
99 0.9008928571428572 0.6171735241502684 0.05892857142857143 0.12701252236135957
67 0.26339285714285715 0.21198568872987478 0.09464285714285714 0.08944543828264759
33 0.175 0.2075134168157424 0.08035714285714286 0.07692307692307693
38 0.33214285714285713 0.2110912343470483 0.039285714285714285 0.07692307692307693
59 0.6080357142857142 0.31663685152057247 0.08214285714285714 0.11449016100178891
59 0.6071428571428571 0.3173345259391771 0.07857142857142857 0.11449016100178891