55 0.2080357142857143 0.15831842576028624 0.1875 0.13416815742397137
55 0.15982142857142856 0.6636851520572451 0.14821428571428572 0.13059033989266547
67 0.3053571428571429 0.6475849731663685 0.1375 0.13595706618962433
67 0.8008928571428572 0.19499105545617174 0.14107142857142857 0.13237924865831843
11 0.40625 0.6395348837209303 0.060714285714285714 0.11627906976744186
33 0.6696428571428571 0.2334525939177102 0.13035714285714287 0.11449016100178891
43 0.35892857142857143 0.1520572450805009 0.0625 0.1073345259391771
38 0.8982142857142857 0.17262969588550983 0.055357142857142855 0.10196779964221825
33 0.6377499999999999 0.8088372093023256 0.11225 0.20699463327370304
67 0.7295892857142857 0.771788908765653 0.09183928571428572 0.20955277280858675
59 0.7882678571428572 0.7219499105545617 0.06123214285714285 0.1558855098389982