85 0.64375 0.684257602862254 0.10892857142857143 0.09838998211091235
20 0.9116071428571428 0.1556350626118068 0.060714285714285714 0.1037567084078712
67 0.7866071428571428 0.18336314847942756 0.1767857142857143 0.14311270125223613
85 0.15714285714285714 0.23166368515205724 0.10714285714285714 0.09123434704830054
67 0.7776785714285714 0.6788908765652951 0.14642857142857144 0.11091234347048301
67 0.28125 0.6994633273703041 0.14642857142857144 0.1449016100178891
20 0.8892857142857142 0.669051878354204 0.04285714285714286 0.07871198568872988
33 0.14910714285714285 0.6574239713774598 0.11785714285714285 0.12164579606440072
33 0.6178571428571429 0.22808586762075134 0.16607142857142856 0.13237924865831843
67 0.26785714285714285 0.1771019677996422 0.125 0.09838998211091235
59 0.36339285714285713 0.13864042933810375 0.05714285714285714 0.06976744186046512
38 0.38839285714285715 0.7316636851520573 0.05892857142857143 0.09660107334525939