70 0.6758928571428572 0.17620751341681573 0.2892857142857143 0.10912343470483005
100 0.20535714285714285 0.6332737030411449 0.2517857142857143 0.11270125223613596
67 0.7857142857142857 0.6985688729874776 0.1732142857142857 0.16636851520572452
33 0.625 0.7003577817531306 0.14464285714285716 0.12880143112701253
33 0.15625 0.2334525939177102 0.12142857142857143 0.11985688729874776
67 0.2883928571428571 0.2370304114490161 0.14285714285714285 0.14669051878354203
38 0.9151785714285714 0.6958855098389982 0.06607142857142857 0.1252236135957066
11 0.39464285714285713 0.23434704830053668 0.055357142857142855 0.11627906976744186
43 0.8723214285714286 0.16279069767441862 0.060714285714285714 0.08765652951699464
59 0.38392857142857145 0.631484794275492 0.0625 0.08407871198568873
43 0.39464285714285713 0.23255813953488372 0.05357142857142857 0.11449016100178891