56 0.22232142857142856 0.21735241502683364 0.2875 0.13237924865831843
55 0.1705357142857143 0.7003577817531306 0.10892857142857143 0.14669051878354203
101 0.44285714285714284 0.22182468694096602 0.05714285714285714 0.1001788908765653
67 0.7848214285714286 0.684257602862254 0.175 0.16279069767441862
33 0.6223214285714286 0.6878354203935599 0.14821428571428572 0.13059033989266547
67 0.2732142857142857 0.6914132379248659 0.09642857142857143 0.15026833631484796
33 0.6232142857142857 0.18694096601073346 0.1375 0.148479427549195
67 0.7767857142857143 0.18425760286225404 0.16607142857142856 0.16279069767441862
98 0.3607142857142857 0.6717352415026834 0.04107142857142857 0.1520572450805009
38 0.9142857142857143 0.6797853309481217 0.06785714285714285 0.12701252236135957
38 0.8973214285714286 0.19320214669051877 0.07142857142857142 0.12880143112701253