55 0.6375 0.21288014311270126 0.125 0.12343470483005367
33 0.6428571428571429 0.7164579606440071 0.11071428571428571 0.12164579606440072
67 0.29642857142857143 0.6779964221824687 0.16607142857142856 0.16815742397137745
33 0.14017857142857143 0.6815742397137746 0.14285714285714285 0.13059033989266547
67 0.7616071428571428 0.7182468694096601 0.12678571428571428 0.13237924865831843
67 0.7589285714285714 0.16547406082289803 0.125 0.11627906976744186
67 0.30714285714285716 0.1556350626118068 0.14821428571428572 0.12880143112701253
33 0.17767857142857144 0.20304114490161002 0.12321428571428572 0.11806797853309481
38 0.42232142857142857 0.6717352415026834 0.06428571428571428 0.1252236135957066
53 0.4089285714285714 0.12701252236135957 0.05714285714285714 0.11270125223613596
43 0.8535714285714285 0.13953488372093023 0.05357142857142857 0.09302325581395349
11 0.8589285714285714 0.7209302325581395 0.055357142857142855 0.11270125223613596