75 0.22053571428571428 0.1887298747763864 0.22857142857142856 0.148479427549195
67 0.30357142857142855 0.6949910554561717 0.16785714285714284 0.1556350626118068
67 0.7714285714285715 0.21377459749552774 0.16428571428571428 0.148479427549195
55 0.6383928571428571 0.6735241502683363 0.14107142857142857 0.13416815742397137
33 0.14821428571428572 0.6815742397137746 0.14107142857142857 0.13059033989266547
33 0.61875 0.21735241502683364 0.14107142857142857 0.12343470483005367
67 0.7794642857142857 0.6851520572450805 0.14285714285714285 0.148479427549195
38 0.8946428571428572 0.2075134168157424 0.060714285714285714 0.11627906976744186
38 0.4294642857142857 0.6985688729874776 0.06428571428571428 0.11806797853309481
43 0.36875 0.15742397137745975 0.05714285714285714 0.08765652951699464
11 0.8866071428571428 0.6851520572450805 0.060714285714285714 0.10196779964221825