85 0.12142857142857143 0.19320214669051877 0.11607142857142858 0.08407871198568873
97 0.6535714285714286 0.22003577817531306 0.17142857142857143 0.12343470483005367
67 0.29910714285714285 0.669051878354204 0.17142857142857143 0.16636851520572452
33 0.13839285714285715 0.669051878354204 0.14285714285714285 0.13416815742397137
67 0.26517857142857143 0.18425760286225404 0.16071428571428573 0.08944543828264759
67 0.74375 0.6914132379248659 0.09642857142857143 0.08407871198568873
33 0.6491071428571429 0.7164579606440071 0.09107142857142857 0.07692307692307693
38 0.4276785714285714 0.6681574239713775 0.06428571428571428 0.12880143112701253
59 0.3991071428571429 0.17889087656529518 0.05178571428571429 0.06440071556350627
59 0.7705357142857143 0.20483005366726298 0.06785714285714285 0.08765652951699464
38 0.8133928571428571 0.6735241502683363 0.03214285714285714 0.06797853309481217