73 0.23125 0.6976744186046512 0.1375 0.10196779964221825
67 0.7732142857142857 0.2003577817531306 0.15178571428571427 0.13774597495527727
67 0.7651785714285714 0.7003577817531306 0.1375 0.15026833631484796
33 0.6294642857142857 0.20125223613595708 0.13392857142857142 0.11985688729874776
67 0.3 0.20661896243291591 0.16071428571428573 0.1449016100178891
33 0.6375 0.6726296958855098 0.12142857142857143 0.13595706618962433
98 0.3419642857142857 0.6905187835420393 0.0375 0.10912343470483005
33 0.14375 0.20483005366726298 0.14821428571428572 0.12701252236135957
38 0.8866071428571428 0.19499105545617174 0.05714285714285714 0.1037567084078712
38 0.4232142857142857 0.21288014311270126 0.07142857142857142 0.12164579606440072
45 0.8678571428571429 0.7039355992844365 0.060714285714285714 0.1252236135957066