55 0.1767857142857143 0.2003577817531306 0.19285714285714287 0.16994633273703041
33 0.61875 0.682468694096601 0.14464285714285716 0.13237924865831843
67 0.3508928571428571 0.19320214669051877 0.15892857142857142 0.16636851520572452
67 0.7785714285714286 0.682468694096601 0.17142857142857143 0.16279069767441862
101 0.90625 0.6788908765652951 0.06607142857142857 0.12701252236135957
43 0.8964285714285715 0.1520572450805009 0.06785714285714285 0.08944543828264759
99 0.11607142857142858 0.3479427549194991 0.06428571428571428 0.1413237924865832
46 0.725 0.14221824686940965 0.25 0.12343470483005367
101 0.8973214285714286 0.15295169946332737 0.06785714285714285 0.08944543828264759
101 0.3964285714285714 0.6663685152057245 0.08214285714285714 0.12343470483005367
74 0.19898214285714286 0.6989445438282648 0.30612500000000004 0.1558855098389982