83 0.7285714285714285 0.24239713774597496 0.30178571428571427 0.13953488372093023
67 0.29732142857142857 0.19946332737030412 0.16607142857142856 0.1520572450805009
67 0.3205357142857143 0.6967799642218246 0.15 0.12164579606440072
67 0.7776785714285714 0.7084078711985689 0.15892857142857142 0.13416815742397137
33 0.14107142857142857 0.21288014311270126 0.14107142857142857 0.12164579606440072
33 0.625 0.6940966010733453 0.14285714285714285 0.12880143112701253
43 0.5973214285714286 0.3559928443649374 0.06785714285714285 0.10912343470483005
33 0.17410714285714285 0.7227191413237924 0.1357142857142857 0.1037567084078712
38 0.42232142857142857 0.19230769230769232 0.06607142857142857 0.11985688729874776
43 0.1625 0.8273703041144902 0.060714285714285714 0.08228980322003578
31 0.9 0.7164579606440071 0.075 0.11270125223613596
17 0.8991071428571429 0.7164579606440071 0.075 0.11449016100178891