91 0.19375 0.1806797853309481 0.24821428571428572 0.12164579606440072
20 0.9107142857142857 0.1851520572450805 0.05357142857142857 0.10196779964221825
67 0.7785714285714286 0.6878354203935599 0.15535714285714286 0.13774597495527727
67 0.7883928571428571 0.1887298747763864 0.1625 0.13595706618962433
23 0.1419642857142857 0.6779964221824687 0.08928571428571429 0.10912343470483005
67 0.2625 0.6815742397137746 0.14642857142857144 0.11627906976744186
33 0.6366071428571428 0.18694096601073346 0.1392857142857143 0.11270125223613596
33 0.6321428571428571 0.6806797853309481 0.1392857142857143 0.11985688729874776
20 0.8919642857142858 0.6932021466905188 0.05892857142857143 0.1037567084078712
43 0.37142857142857144 0.18246869409660108 0.055357142857142855 0.09302325581395349
38 0.37410714285714286 0.682468694096601 0.05714285714285714 0.09302325581395349