60 0.6973214285714285 0.6914132379248659 0.20357142857142857 0.11091234347048301
67 0.7553571428571428 0.21556350626118068 0.1732142857142857 0.15384615384615385
67 0.2517857142857143 0.7066189624329159 0.14821428571428572 0.11449016100178891
67 0.2741071428571429 0.17262969588550983 0.17857142857142858 0.11091234347048301
33 0.11428571428571428 0.6958855098389982 0.12142857142857143 0.09302325581395349
23 0.6125 0.20930232558139536 0.11071428571428571 0.15384615384615385
33 0.10892857142857143 0.13953488372093023 0.14285714285714285 0.09123434704830054
38 0.4160714285714286 0.19767441860465115 0.06785714285714285 0.08050089445438283
38 0.3651785714285714 0.7101967799642218 0.055357142857142855 0.09302325581395349
38 0.8848214285714285 0.2182468694096601 0.06964285714285715 0.1252236135957066
43 0.8446428571428571 0.6681574239713775 0.05357142857142857 0.07871198568872988