55 0.17857142857142858 0.7262969588550984 0.12142857142857143 0.15384615384615385
23 0.13660714285714284 0.2039355992844365 0.1125 0.1520572450805009
98 0.4080357142857143 0.6923076923076923 0.044642857142857144 0.1556350626118068
96 0.7142857142857143 0.6762075134168157 0.15357142857142858 0.13953488372093023
67 0.2982142857142857 0.7093023255813954 0.11607142857142858 0.148479427549195
67 0.2785714285714286 0.20483005366726298 0.1732142857142857 0.15384615384615385
67 0.7678571428571429 0.19409660107334525 0.16428571428571428 0.16279069767441862
23 0.6258928571428571 0.129695885509839 0.11785714285714285 0.1413237924865832
98 0.4017857142857143 0.19856887298747763 0.06428571428571428 0.13237924865831843
17 0.8392857142857143 0.6708407871198568 0.05357142857142857 0.11806797853309481
71 0.8794642857142857 0.24955277280858676 0.06607142857142857 0.12164579606440072