49 0.22857142857142856 0.6726296958855098 0.20535714285714285 0.1252236135957066
67 0.7785714285714286 0.22093023255813954 0.14464285714285716 0.13595706618962433
33 0.64375 0.21914132379248658 0.12678571428571428 0.11449016100178891
67 0.7821428571428571 0.686046511627907 0.18214285714285713 0.17173524150268335
33 0.18482142857142858 0.1592128801431127 0.0875 0.09481216457960644
33 0.6142857142857143 0.6940966010733453 0.15357142857142858 0.13237924865831843
67 0.28035714285714286 0.20840787119856888 0.10535714285714286 0.12343470483005367
38 0.8839285714285714 0.21914132379248658 0.05714285714285714 0.1073345259391771
38 0.91875 0.6779964221824687 0.07321428571428572 0.13237924865831843
43 0.3669642857142857 0.646690518783542 0.04107142857142857 0.07692307692307693
59 0.36607142857142855 0.24955277280858676 0.05 0.08765652951699464