42 0.6857142857142857 0.17620751341681573 0.19107142857142856 0.14669051878354203
45 0.8303571428571429 0.17173524150268335 0.05178571428571429 0.12701252236135957
67 0.7821428571428571 0.6833631484794276 0.15892857142857142 0.15742397137745975
67 0.29375 0.21198568872987478 0.15892857142857142 0.14669051878354203
33 0.14821428571428572 0.20125223613595708 0.13035714285714287 0.1252236135957066
33 0.13035714285714287 0.6341681574239714 0.14642857142857144 0.15026833631484796
33 0.6330357142857143 0.6815742397137746 0.1392857142857143 0.12701252236135957
67 0.2892857142857143 0.7084078711985689 0.1732142857142857 0.16815742397137745
38 0.9017857142857143 0.6833631484794276 0.05714285714285714 0.12701252236135957
38 0.41517857142857145 0.2075134168157424 0.060714285714285714 0.11091234347048301
38 0.4205357142857143 0.7728085867620751 0.07142857142857142 0.11627906976744186