100 0.21964285714285714 0.6502683363148479 0.14642857142857144 0.16100178890876565
55 0.15357142857142858 0.21645796064400716 0.13035714285714287 0.14311270125223613
33 0.6214285714285714 0.18246869409660108 0.14285714285714285 0.1449016100178891
67 0.7848214285714286 0.21198568872987478 0.18035714285714285 0.17173524150268335
67 0.28125 0.21735241502683364 0.13035714285714287 0.15384615384615385
67 0.7571428571428571 0.7012522361359571 0.16785714285714284 0.16279069767441862
38 0.9178571428571428 0.22719141323792486 0.06785714285714285 0.13059033989266547
53 0.33303571428571427 0.6574239713774598 0.04285714285714286 0.1252236135957066
38 0.8758928571428571 0.6833631484794276 0.075 0.13953488372093023
23 0.6205357142857143 0.7119856887298748 0.11071428571428571 0.16100178890876565
24 0.6196428571428572 0.7119856887298748 0.1125 0.16279069767441862