37 0.21964285714285714 0.6592128801431127 0.16785714285714284 0.13774597495527727
67 0.7767857142857143 0.6958855098389982 0.17142857142857143 0.1592128801431127
33 0.15267857142857144 0.20125223613595708 0.11785714285714285 0.13237924865831843
33 0.6214285714285714 0.7039355992844365 0.1375 0.1252236135957066
33 0.6375 0.22271914132379247 0.13392857142857142 0.12880143112701253
67 0.28214285714285714 0.22540250447227192 0.1392857142857143 0.1556350626118068
67 0.7830357142857143 0.22450805008944544 0.15714285714285714 0.148479427549195
38 0.9035714285714286 0.6878354203935599 0.0625 0.12343470483005367
38 0.8982142857142857 0.22182468694096602 0.06428571428571428 0.11806797853309481
11 0.38571428571428573 0.23792486583184258 0.055357142857142855 0.12880143112701253
43 0.35714285714285715 0.667262969588551 0.05178571428571429 0.1001788908765653