67 0.27767857142857144 0.19320214669051877 0.16428571428571428 0.15026833631484796
23 0.6071428571428571 0.15295169946332737 0.11785714285714285 0.16457960644007155
67 0.7553571428571428 0.1556350626118068 0.18035714285714285 0.17531305903398928
67 0.7982142857142858 0.7003577817531306 0.1625 0.16636851520572452
23 0.1419642857142857 0.18425760286225404 0.10535714285714286 0.148479427549195
67 0.2794642857142857 0.6771019677996423 0.17142857142857143 0.1520572450805009
31 0.8901785714285714 0.15831842576028624 0.07857142857142857 0.1252236135957066
33 0.6544642857142857 0.740608228980322 0.1357142857142857 0.14311270125223613
23 0.14375 0.7522361359570662 0.11428571428571428 0.1413237924865832
38 0.3991071428571429 0.6198568872987478 0.07321428571428572 0.11627906976744186
38 0.3982142857142857 0.18962432915921287 0.06607142857142857 0.11806797853309481