46 0.2785714285714286 0.7101967799642218 0.16785714285714284 0.1520572450805009
67 0.29375 0.23971377459749552 0.15892857142857142 0.15026833631484796
67 0.7732142857142857 0.1806797853309481 0.175 0.16815742397137745
33 0.6107142857142858 0.18694096601073346 0.14464285714285716 0.12880143112701253
33 0.14821428571428572 0.23255813953488372 0.13214285714285715 0.13416815742397137
52 0.40625 0.7003577817531306 0.048214285714285716 0.11627906976744186
67 0.78125 0.6583184257602862 0.1732142857142857 0.14311270125223613
33 0.6223214285714286 0.6654740608228981 0.14642857142857144 0.12164579606440072
38 0.9 0.17173524150268335 0.0625 0.12164579606440072
41 0.4107142857142857 0.2334525939177102 0.05892857142857143 0.11091234347048301
31 0.912875 0.6570483005366726 0.06785714285714285 0.11270125223613596
53 0.41160714285714284 0.2334525939177102 0.060714285714285714 0.11270125223613596