55 0.6258928571428571 0.6422182468694096 0.1357142857142857 0.1001788908765653
67 0.7821428571428571 0.20840787119856888 0.1767857142857143 0.16100178890876565
67 0.31785714285714284 0.6511627906976745 0.2 0.16457960644007155
33 0.12767857142857142 0.7039355992844365 0.17857142857142858 0.15026833631484796
67 0.7625 0.648479427549195 0.14107142857142857 0.11985688729874776
33 0.6214285714285714 0.20930232558139536 0.14464285714285716 0.13774597495527727
38 0.4616071428571429 0.6135957066189625 0.07321428571428572 0.1252236135957066
101 0.8741071428571429 0.6556350626118068 0.06428571428571428 0.09481216457960644
38 0.9098214285714286 0.19767441860465115 0.07142857142857142 0.1252236135957066
100 0.24196428571428572 0.1806797853309481 0.35 0.18425760286225404
43 0.08928571428571429 0.28711985688729874 0.08035714285714286 0.1037567084078712