67 0.29732142857142857 0.6511627906976745 0.14285714285714285 0.13953488372093023
67 0.28125 0.22003577817531306 0.15178571428571427 0.16636851520572452
67 0.7776785714285714 0.20304114490161002 0.16964285714285715 0.16457960644007155
33 0.14464285714285716 0.17262969588550983 0.125 0.13953488372093023
33 0.6196428571428572 0.19767441860465115 0.14285714285714285 0.12343470483005367
55 0.15625 0.7262969588550984 0.14821428571428572 0.15384615384615385
99 0.8133928571428571 0.6538461538461539 0.0625 0.11806797853309481
99 0.3991071428571429 0.6019677996422182 0.055357142857142855 0.12164579606440072
11 0.39553571428571427 0.24597495527728086 0.055357142857142855 0.11627906976744186
38 0.9044642857142857 0.20125223613595708 0.0625 0.11806797853309481
13 0.6964285714285714 0.6610017889087657 0.16964285714285715 0.13595706618962433