55 0.6392857142857142 0.6708407871198568 0.15 0.148479427549195
67 0.29285714285714287 0.7110912343470484 0.1625 0.15026833631484796
33 0.12232142857142857 0.19946332737030412 0.16071428571428573 0.13059033989266547
67 0.29285714285714287 0.18246869409660108 0.18035714285714285 0.16100178890876565
67 0.7696428571428572 0.17978533094812166 0.1732142857142857 0.18425760286225404
33 0.14107142857142857 0.7093023255813954 0.1375 0.11985688729874776
67 0.7857142857142857 0.6708407871198568 0.14642857142857144 0.16279069767441862
33 0.6169642857142857 0.12164579606440072 0.13392857142857142 0.13953488372093023
38 0.425 0.1708407871198569 0.06785714285714285 0.12343470483005367
38 0.41696428571428573 0.7101967799642218 0.06428571428571428 0.11627906976744186
11 0.8857142857142857 0.6815742397137746 0.0625 0.13774597495527727
20 0.8991071428571429 0.22719141323792486 0.07142857142857142 0.13237924865831843