82 0.20625 0.19946332737030412 0.23214285714285715 0.1592128801431127
55 0.6642857142857143 0.6627906976744186 0.1982142857142857 0.16457960644007155
67 0.8455357142857143 0.6395348837209303 0.16785714285714284 0.17889087656529518
67 0.3 0.6851520572450805 0.15714285714285714 0.14669051878354203
33 0.5955357142857143 0.22808586762075134 0.11785714285714285 0.09838998211091235
67 0.7267857142857143 0.22361359570661896 0.14285714285714285 0.11449016100178891
33 0.15 0.6726296958855098 0.1392857142857143 0.12164579606440072
99 0.5919642857142857 0.8121645796064401 0.075 0.17531305903398928
38 0.8330357142857143 0.2182468694096601 0.055357142857142855 0.09123434704830054
99 0.35625 0.16010733452593917 0.07678571428571429 0.13595706618962433
71 0.41517857142857145 0.7021466905187835 0.06607142857142857 0.1073345259391771