66 0.21517857142857144 0.6547406082289803 0.18928571428571428 0.12343470483005367
33 0.7223214285714286 0.648479427549195 0.09285714285714286 0.148479427549195
67 0.29732142857142857 0.22361359570661896 0.15892857142857142 0.1556350626118068
33 0.6464285714285715 0.21377459749552774 0.08392857142857142 0.06618962432915922
33 0.14821428571428572 0.21735241502683364 0.13392857142857142 0.13059033989266547
67 0.7383928571428572 0.2262969588550984 0.1 0.07871198568872988
17 0.8169642857142857 0.23166368515205724 0.044642857142857144 0.06082289803220036
41 0.41964285714285715 0.22003577817531306 0.060714285714285714 0.11270125223613596
11 0.35892857142857143 0.6475849731663685 0.04107142857142857 0.08765652951699464
25 0.8071428571428572 0.644901610017889 0.04107142857142857 0.12880143112701253
20 0.3580357142857143 0.646690518783542 0.039285714285714285 0.08765652951699464