96 0.6857142857142857 0.6762075134168157 0.26964285714285713 0.12880143112701253
77 0.7455357142857143 0.18336314847942756 0.175 0.09838998211091235
17 0.9107142857142857 0.6663685152057245 0.07678571428571429 0.1001788908765653
67 0.3196428571428571 0.6958855098389982 0.14821428571428572 0.12164579606440072
67 0.2982142857142857 0.21556350626118068 0.14464285714285716 0.13059033989266547
33 0.17410714285714285 0.7227191413237924 0.1357142857142857 0.10554561717352415
33 0.1625 0.18425760286225404 0.12678571428571428 0.10554561717352415
38 0.40535714285714286 0.24329159212880144 0.05178571428571429 0.08944543828264759
43 0.1625 0.8282647584973166 0.060714285714285714 0.08228980322003578
59 0.875 0.1771019677996422 0.044642857142857144 0.08228980322003578
71 0.8758928571428571 0.1771019677996422 0.04642857142857143 0.08407871198568873