13 0.20892857142857144 0.23166368515205724 0.16964285714285715 0.13059033989266547
67 0.29285714285714287 0.7012522361359571 0.1732142857142857 0.15742397137745975
33 0.625 0.21556350626118068 0.14642857142857144 0.12701252236135957
67 0.7866071428571428 0.21735241502683364 0.1732142857142857 0.16100178890876565
103 0.3535714285714286 0.22003577817531306 0.0625 0.13059033989266547
33 0.6339285714285714 0.6788908765652951 0.1357142857142857 0.11091234347048301
33 0.13303571428571428 0.7012522361359571 0.14464285714285716 0.13059033989266547
67 0.7830357142857143 0.7030411449016101 0.16071428571428573 0.13237924865831843
38 0.9151785714285714 0.21288014311270126 0.06785714285714285 0.12164579606440072
38 0.9035714285714286 0.7262969588550984 0.05892857142857143 0.08944543828264759
41 0.425 0.6932021466905188 0.06428571428571428 0.12880143112701253