85 0.5973214285714286 0.14669051878354203 0.13035714285714287 0.1037567084078712
100 0.6794642857142857 0.6431127012522362 0.225 0.11091234347048301
33 0.1455357142857143 0.21288014311270126 0.1392857142857143 0.13237924865831843
67 0.3 0.6923076923076923 0.175 0.17173524150268335
67 0.2955357142857143 0.21914132379248658 0.16071428571428573 0.1449016100178891
33 0.14375 0.682468694096601 0.1392857142857143 0.1413237924865832
67 0.7580357142857143 0.1440071556350626 0.18035714285714285 0.11806797853309481
38 0.41517857142857145 0.22003577817531306 0.060714285714285714 0.11627906976744186
38 0.4276785714285714 0.6994633273703041 0.06785714285714285 0.12701252236135957
59 0.90625 0.1413237924865832 0.06607142857142857 0.08765652951699464
59 0.8375 0.6359570661896243 0.05357142857142857 0.07334525939177101