76 0.225 0.17173524150268335 0.20535714285714285 0.13059033989266547
67 0.7919642857142857 0.1815742397137746 0.15178571428571427 0.19141323792486584
67 0.7633928571428571 0.7030411449016101 0.17857142857142858 0.15384615384615385
33 0.5973214285714286 0.6923076923076923 0.15 0.12343470483005367
33 0.6285714285714286 0.16994633273703041 0.15714285714285714 0.16279069767441862
67 0.2741071428571429 0.6994633273703041 0.13214285714285715 0.1252236135957066
33 0.15535714285714286 0.6592128801431127 0.10714285714285714 0.10554561717352415
99 0.8991071428571429 0.16636851520572452 0.06607142857142857 0.17889087656529518
59 0.38125 0.15295169946332737 0.06607142857142857 0.08586762075134168
38 0.8964285714285715 0.7093023255813954 0.06428571428571428 0.11449016100178891
41 0.36964285714285716 0.7334525939177102 0.055357142857142855 0.09123434704830054